Amplitude,Frequency
0.06401777777777781,0.0
6.151747233749888e-06,0.1111111111111111
2.691236438359163e-05,0.2222222222222222
5.091675078748626e-06,0.3333333333333333
1.4678691740512114e-05,0.4444444444444444
3.212392488397451e-05,0.5555555555555556
1.8414290199872833e-05,0.6666666666666666
3.426939481857454e-06,0.7777777777777777
1.6752260981006542e-05,0.8888888888888888
1.900394269101052e-05,1.0
1.5391108431292345e-05,1.1111111111111112
1.4014063749295244e-05,1.222222222222222
9.459295992143785e-06,1.3333333333333333
1.3681973072814376e-05,1.4444444444444444
2.0945509894141924e-05,1.5555555555555554
8.555875740113874e-06,1.6666666666666665
1.8037645077626187e-05,1.7777777777777777
1.1612690812347842e-05,1.8888888888888888
2.2324498662956988e-05,2.0
8.636540791501371e-06,2.111111111111111
3.9962864616521155e-05,2.2222222222222223
7.485439946673768e-06,2.333333333333333
1.2889188595286193e-05,2.444444444444444
2.3717189686650207e-05,2.5555555555555554
1.634089536861965e-05,2.6666666666666665
1.995762775163329e-05,2.7777777777777777
2.2349582968143945e-05,2.888888888888889
1.1776019838952152e-05,3.0
8.825635824342681e-06,3.1111111111111107
2.1070077737976802e-05,3.222222222222222
1.6259564559761382e-05,3.333333333333333
1.5114317919901952e-05,3.444444444444444
2.328059828584726e-05,3.5555555555555554
6.705428372862923e-06,3.6666666666666665
2.024347987380416e-05,3.7777777777777777
1.8599310757630426e-05,3.888888888888889
2.5307045859408807e-05,4.0
3.415790490740534e-05,4.111111111111111
2.091033166674479e-05,4.222222222222222
2.4036800564840106e-05,4.333333333333333
1.1512875774726747e-05,4.444444444444445
1.8265271399411248e-05,4.555555555555555
1.0434717221131925e-05,4.666666666666666
1.786876654060891e-05,4.777777777777778
2.4284362517144348e-05,4.888888888888888
1.6229646069104885e-05,5.0
1.9378308957239165e-06,5.111111111111111
2.245945680606371e-06,5.222222222222222
3.0326224305788726e-05,5.333333333333333
1.5068018544889122e-05,5.444444444444444
2.119661672869239e-05,5.555555555555555
1.592042248009049e-05,5.666666666666666
8.606886342381875e-06,5.777777777777778
2.3849978678644132e-05,5.888888888888888
1.0456119403407615e-05,6.0
3.275150131815423e-05,6.111111111111111
1.1302655273310808e-05,6.222222222222221
2.5167317741803705e-05,6.333333333333333
4.101146175941226e-06,6.444444444444444
1.2322428745132196e-05,6.555555555555555
1.0495229447871071e-05,6.666666666666666
1.5513633611040017e-05,6.777777777777778
6.705174629697265e-06,6.888888888888888
1.871883334349112e-05,7.0
1.565071654097506e-05,7.111111111111111
2.470098171954029e-05,7.222222222222221
2.6388089931687137e-05,7.333333333333333
1.2375008158485999e-06,7.444444444444444
1.8633608494582435e-05,7.555555555555555
3.622034349055696e-05,7.666666666666666
1.1280264463398196e-05,7.777777777777778
1.384151631204923e-05,7.888888888888888
1.1806601669917473e-05,8.0
6.8380381898961515e-06,8.11111111111111
1.072031553478544e-05,8.222222222222221
1.1195953868995245e-05,8.333333333333332
2.26350696002347e-05,8.444444444444445
1.9438227173802467e-05,8.555555555555555
1.8236444757531046e-05,8.666666666666666
1.0469386324192025e-05,8.777777777777777
2.093151636665298e-05,8.88888888888889
2.69871660905566e-05,9.0
2.4973827161302163e-05,9.11111111111111
1.7104877978606234e-05,9.222222222222221
1.9009868119109615e-05,9.333333333333332
1.388609125064058e-05,9.444444444444445
1.6061703508199278e-05,9.555555555555555
6.880067666595926e-06,9.666666666666666
1.5246543658240804e-05,9.777777777777777
2.236358857704149e-05,9.888888888888888
1.0065182334032407e-05,10.0
1.1890907373732553e-05,10.11111111111111
1.4641354977233176e-05,10.222222222222221
1.956536795032675e-05,10.333333333333332
1.5717576025371237e-05,10.444444444444445
1.9287374204712373e-05,10.555555555555555
1.7358048958637826e-05,10.666666666666666
2.1412139002591438e-05,10.777777777777777
3.071067944124262e-05,10.888888888888888
1.932341862273686e-05,11.0
1.68623323877513e-05,11.11111111111111
1.0889671504220257e-05,11.222222222222221
1.9196894234802323e-05,11.333333333333332
1.9541645547045095e-05,11.444444444444445
1.5835302997015282e-05,11.555555555555555
1.9642597239822226e-05,11.666666666666666
2.604096110529292e-05,11.777777777777777
1.474862116410853e-05,11.888888888888888
4.425528172068075e-06,12.0
2.9623164604818397e-05,12.11111111111111
1.0024966260781553e-05,12.222222222222221
2.620804448374647e-05,12.333333333333332
2.873523217048211e-05,12.444444444444443
1.0731010845624621e-05,12.555555555555555
1.6433638845101653e-05,12.666666666666666
9.453174548396369e-06,12.777777777777777
1.714190651254524e-05,12.888888888888888
1.46222814051482e-05,13.0
5.7536197080597296e-06,13.11111111111111
1.3605522432891674e-05,13.222222222222221
2.7031076323392294e-05,13.333333333333332
3.867143140407051e-05,13.444444444444443
2.2600572376483914e-05,13.555555555555555
1.5457874062555398e-05,13.666666666666666
1.0023228802323175e-05,13.777777777777777
1.87425834633202e-05,13.888888888888888
8.193457418730318e-06,14.0
8.425426992589837e-06,14.11111111111111
1.315017571659965e-05,14.222222222222221
8.70227619882311e-06,14.333333333333332
2.063318573326433e-05,14.444444444444443
1.940930754616384e-05,14.555555555555555
3.4044939051144144e-05,14.666666666666666
1.7430039207744206e-05,14.777777777777777
8.77486154131315e-06,14.888888888888888
4.585574351295773e-06,15.0
1.611203149442991e-05,15.11111111111111
5.4066808062950905e-06,15.222222222222221
1.7891972757872058e-05,15.333333333333332
9.067394362210202e-06,15.444444444444443
1.4476432547680426e-05,15.555555555555555
1.7282262141579255e-05,15.666666666666666
1.2454813533141302e-05,15.777777777777777
2.4057139711571637e-05,15.888888888888888
1.634545916597403e-05,16.0
2.144634861353046e-05,16.11111111111111
3.139306873405006e-06,16.22222222222222
5.781048589285169e-06,16.333333333333332
1.846225363481838e-05,16.444444444444443
1.2506388895803524e-05,16.555555555555554
1.0295841646409553e-05,16.666666666666664
1.4952351378075001e-05,16.77777777777778
1.2332231223106171e-05,16.88888888888889
3.5514813887549995e-06,17.0
1.795643337679216e-05,17.11111111111111
1.9146852270406032e-05,17.22222222222222
6.614111347978042e-06,17.333333333333332
1.9231260312011495e-05,17.444444444444443
1.641905039260029e-05,17.555555555555554
1.5899944874189007e-05,17.666666666666664
1.7015559090990083e-05,17.77777777777778
1.4927387250666842e-05,17.88888888888889
2.571071599076644e-05,18.0
2.207855548680858e-05,18.11111111111111
1.141149416023151e-05,18.22222222222222
1.52839638466247e-05,18.333333333333332
8.53324225169173e-06,18.444444444444443
2.1139771998878177e-05,18.555555555555554
2.9752225290521813e-05,18.666666666666664
1.6248454095987288e-05,18.777777777777775
1.681400247255658e-05,18.88888888888889
1.648797329988237e-05,19.0
2.244776599409671e-05,19.11111111111111
1.926699440223795e-05,19.22222222222222
2.755907950395182e-06,19.333333333333332
1.092914999123544e-05,19.444444444444443
6.134349473710114e-06,19.555555555555554
1.7961234210430722e-05,19.666666666666664
1.792503583572404e-05,19.777777777777775
1.0273000486962707e-05,19.88888888888889
1.123930259041154e-05,20.0
1.1424217951831045e-05,20.11111111111111
3.319491040073007e-05,20.22222222222222
1.6009482625500466e-05,20.333333333333332
8.460931189290048e-06,20.444444444444443
1.5992736421416772e-05,20.555555555555554
1.0750988329037683e-05,20.666666666666664
1.65977771580203e-05,20.777777777777775
1.8821426570266907e-05,20.88888888888889
6.815328488565307e-06,21.0
1.0277149809635959e-05,21.11111111111111
2.0941720042889016e-05,21.22222222222222
7.727268771866582e-06,21.333333333333332
9.417985396005366e-06,21.444444444444443
4.760406003241986e-06,21.555555555555554
8.606934175700515e-06,21.666666666666664
1.2043212590167722e-05,21.777777777777775
2.3272875938844573e-05,21.88888888888889
1.1415007630363917e-05,22.0
1.0272401393103374e-05,22.11111111111111
2.4719446079380853e-05,22.22222222222222
7.197570716835126e-06,22.333333333333332
3.144077347254152e-05,22.444444444444443
2.6514232282734958e-05,22.555555555555554
2.0683993455761966e-05,22.666666666666664
4.152024196874745e-06,22.777777777777775
1.419476393318158e-05,22.88888888888889
7.596634161179638e-06,23.0
2.380082786119772e-05,23.11111111111111
3.439159536133415e-05,23.22222222222222
2.5210318203963603e-05,23.333333333333332
1.2268244116138969e-05,23.444444444444443
5.759818180655398e-06,23.555555555555554
1.5725006109011517e-05,23.666666666666664
2.060346992189565e-05,23.777777777777775
7.244122094991851e-06,23.88888888888889
1.459053631693116e-05,24.0
2.3995948036575865e-05,24.11111111111111
2.8326839823189642e-05,24.22222222222222
4.8066508416224175e-06,24.333333333333332
1.1582147445707926e-05,24.444444444444443
9.55574511764622e-06,24.555555555555554
3.3776520804340435e-06,24.666666666666664
1.4947016224664888e-05,24.777777777777775
3.112417931090021e-05,24.888888888888886
1.3339388772339709e-05,25.0
7.200022962356386e-06,25.11111111111111
4.761510363657562e-06,25.22222222222222
2.3337398036211044e-05,25.333333333333332
4.076045647941616e-05,25.444444444444443
4.189070755664233e-05,25.555555555555554
8.566285848993814e-06,25.666666666666664
2.044732362252076e-05,25.777777777777775
1.5571961745220935e-05,25.888888888888886
2.7887548090364573e-05,26.0
7.107361655889066e-06,26.11111111111111
1.827513796229866e-05,26.22222222222222
2.1254669060166685e-05,26.333333333333332
1.7985915181221247e-05,26.444444444444443
2.804077752958526e-05,26.555555555555554
2.181477236130281e-05,26.666666666666664
1.588541655207844e-05,26.777777777777775
1.000913928289877e-05,26.888888888888886
7.901218192689425e-06,27.0
3.561549799652328e-06,27.11111111111111
1.3475913158150004e-05,27.22222222222222
1.9103228836018084e-05,27.333333333333332
1.9761719650124153e-05,27.444444444444443
2.9652051633032597e-05,27.555555555555554
3.13732971401121e-05,27.666666666666664
2.4031627642628528e-05,27.777777777777775
1.0402887421551253e-05,27.888888888888886
2.0488900611323315e-05,28.0
1.1459889551531423e-05,28.11111111111111
1.4093231165922078e-05,28.22222222222222
1.7647421066879256e-05,28.333333333333332
2.3952697379183573e-05,28.444444444444443
2.123272311920808e-05,28.555555555555554
1.122162371555211e-05,28.666666666666664
2.798354106370221e-05,28.777777777777775
1.4129527934082323e-05,28.888888888888886
1.812030128629854e-05,29.0
6.831556858200619e-06,29.11111111111111
2.168233808031248e-05,29.22222222222222
2.6951027668800563e-05,29.333333333333332
2.590710434182889e-05,29.444444444444443
3.254555706439425e-05,29.555555555555554
2.458739232904729e-06,29.666666666666664
2.5428293453941774e-06,29.777777777777775
1.7121588325539572e-05,29.888888888888886
1.7035684736043638e-05,30.0
1.9220937566373478e-05,30.11111111111111
1.547081874767622e-05,30.22222222222222
5.296104273450417e-06,30.333333333333332
9.196516593427066e-06,30.444444444444443
5.446152057626926e-06,30.555555555555554
4.045564578193304e-06,30.666666666666664
2.327877753576298e-05,30.777777777777775
4.2791860587616474e-06,30.888888888888886
1.657983588044751e-05,31.0
7.45691453411112e-06,31.11111111111111
1.4741325777603384e-05,31.22222222222222
2.3332287130673837e-05,31.333333333333332
1.4605358082912934e-05,31.444444444444443
2.0991610326253152e-05,31.555555555555554
7.0366422231226445e-06,31.666666666666664
1.5970137789050353e-05,31.777777777777775
9.21159445152207e-06,31.888888888888886
2.9304531901158927e-05,32.0
2.8759201118344028e-05,32.11111111111111
5.13422962031406e-06,32.22222222222222
4.794170164090646e-06,32.33333333333333
3.0770630910580376e-05,32.44444444444444
2.2815368672726836e-05,32.55555555555556
2.5045776278917288e-05,32.666666666666664
1.103857158616909e-05,32.77777777777778
2.5134561593618384e-05,32.888888888888886
6.693931835025718e-06,33.0
2.305696689724137e-05,33.11111111111111
7.103411713331128e-06,33.22222222222222
9.069485701335207e-06,33.33333333333333
1.3209626950772602e-05,33.44444444444444
2.1556103076628608e-05,33.55555555555556
4.1725271365020115e-06,33.666666666666664
2.5211061064561475e-05,33.77777777777778
3.603514569892613e-05,33.888888888888886
1.0944062436591429e-05,34.0
8.310566394979251e-06,34.11111111111111
1.1020008077065668e-05,34.22222222222222
3.826727532929189e-06,34.33333333333333
1.4607076531255756e-05,34.44444444444444
8.255167935828892e-06,34.55555555555556
1.9123771298959576e-05,34.666666666666664
2.6781988049583316e-05,34.77777777777778
3.1502637439199295e-06,34.888888888888886
1.1580481076668977e-05,35.0
2.7666242480441954e-05,35.11111111111111
1.0580903759992493e-05,35.22222222222222
3.4506753650694353e-05,35.33333333333333
2.4667670351231843e-05,35.44444444444444
1.6098899973904574e-05,35.55555555555556
1.5342050847534147e-05,35.666666666666664
1.9648922226076347e-05,35.77777777777778
2.8616669317274695e-05,35.888888888888886
1.4395619362933064e-05,36.0
9.961504299672087e-06,36.11111111111111
2.6814425087784374e-05,36.22222222222222
7.918195250985448e-06,36.33333333333333
6.018380610397144e-06,36.44444444444444
3.7454794658360125e-06,36.55555555555555
8.504590395370257e-06,36.666666666666664
7.826608860137315e-06,36.77777777777778
1.2569567798645178e-05,36.888888888888886
1.1592950970030392e-05,37.0
2.9371202596799353e-05,37.11111111111111
1.2573110713200724e-06,37.22222222222222
2.6253424930466744e-05,37.33333333333333
7.207046410134223e-06,37.44444444444444
1.5105565598352708e-05,37.55555555555555
1.1693354787923564e-05,37.666666666666664
2.165635760901463e-05,37.77777777777778
2.4576036118928367e-05,37.888888888888886
2.006740474811991e-05,38.0
1.0149100543227009e-05,38.11111111111111
7.548278866730169e-06,38.22222222222222
2.630022210339185e-05,38.33333333333333
1.5961401686836817e-05,38.44444444444444
1.894955000244864e-05,38.55555555555555
2.4761338422140374e-05,38.666666666666664
2.9991118599121576e-05,38.77777777777778
1.6474187486489365e-05,38.888888888888886
1.834416849386944e-05,39.0
2.3119567438086858e-05,39.11111111111111
1.8884385733910678e-06,39.22222222222222
2.4168175876745496e-05,39.33333333333333
1.466258179895749e-05,39.44444444444444
4.864001314711712e-06,39.55555555555555
3.059100096009744e-05,39.666666666666664
7.8231413283743e-06,39.77777777777778
2.6417557969629028e-05,39.888888888888886
5.6465859849157166e-06,40.0
1.5137491458441549e-05,40.11111111111111
2.4644354491579367e-05,40.22222222222222
9.700294235123574e-06,40.33333333333333
1.0683024040780157e-05,40.44444444444444
1.685559164745566e-05,40.55555555555555
1.5281397422601e-05,40.666666666666664
1.5024446205029128e-05,40.77777777777778
1.5153435108123307e-05,40.888888888888886
1.966131509401037e-05,41.0
9.412975629248635e-06,41.11111111111111
8.0272779199207e-06,41.22222222222222
6.885825904100212e-06,41.33333333333333
2.0486488277784416e-05,41.44444444444444
2.1267995835740284e-05,41.55555555555555
1.037995063288084e-05,41.666666666666664
3.054951364863091e-05,41.77777777777778
6.3528766516031195e-06,41.888888888888886
4.805532845246446e-06,42.0
1.79299645243684e-05,42.11111111111111
3.201781045160873e-05,42.22222222222222
1.0485361415764157e-05,42.33333333333333
8.451097143670643e-06,42.44444444444444
1.7463208520695748e-05,42.55555555555555
1.5570243303059007e-05,42.666666666666664
2.1194577118045316e-05,42.77777777777778
1.5197848914443168e-05,42.888888888888886
1.5062633842692e-05,43.0
1.401871182955823e-05,43.11111111111111
1.2266825636786116e-05,43.22222222222222
1.362685957915195e-05,43.33333333333333
1.1887031509062635e-05,43.44444444444444
2.0919518683987597e-05,43.55555555555555
4.2901707809918574e-05,43.666666666666664
1.880743174113235e-05,43.77777777777778
8.663187603874716e-06,43.888888888888886
1.2098758079773645e-05,44.0
2.8707245558199928e-05,44.11111111111111
1.5612777135489823e-05,44.22222222222222
3.6016864856069236e-05,44.33333333333333
1.0867701777127474e-05,44.44444444444444
1.7998186507812954e-05,44.55555555555555
2.5618174993618955e-05,44.666666666666664
3.42228907200014e-06,44.77777777777778
5.915090808450297e-06,44.888888888888886
1.6407135178157924e-05,45.0
1.6728263469504497e-05,45.11111111111111
1.1483797248873996e-05,45.22222222222222
8.954324217474473e-06,45.33333333333333
2.6265093112355777e-05,45.44444444444444
1.6907763651498884e-05,45.55555555555555
1.3215467311844582e-05,45.666666666666664
1.6760994433106816e-05,45.77777777777778
9.12148519536251e-06,45.888888888888886
1.707959615169458e-05,46.0
2.02315817854725e-05,46.11111111111111
1.4980548382883363e-05,46.22222222222222
3.2254917810292556e-05,46.33333333333333
1.338805844341463e-05,46.44444444444444
3.5209005495435054e-05,46.55555555555555
9.435131865829268e-06,46.666666666666664
8.063949624269655e-06,46.77777777777778
8.665347860440713e-06,46.888888888888886
1.5386024055618284e-06,47.0
6.0610556068008065e-06,47.11111111111111
1.5103640014712856e-05,47.22222222222222
6.810724804391308e-06,47.33333333333333
6.874138914120138e-06,47.44444444444444
8.627771751512542e-06,47.55555555555555
2.5104906944486243e-05,47.666666666666664
1.096179082200864e-05,47.77777777777778
2.0802360711506622e-05,47.888888888888886
6.647295173790632e-06,48.0
8.234532901242427e-06,48.11111111111111
8.444572546506963e-06,48.22222222222222
1.1375716665128967e-05,48.33333333333333
1.3552124722511698e-05,48.44444444444444
1.9248848310767107e-05,48.55555555555555
6.5263617111090195e-06,48.666666666666664
2.1097528933920283e-06,48.77777777777778
2.2388556497960753e-05,48.888888888888886
1.2488352927005367e-05,49.0
1.8152995839407232e-05,49.11111111111111
1.2985705451075447e-05,49.22222222222222
2.2151216295352728e-05,49.33333333333333
1.4225399132036797e-05,49.44444444444444
7.948344085132993e-06,49.55555555555555
1.731807132576815e-05,49.666666666666664
2.799392511542692e-05,49.77777777777777
1.6457533833079953e-05,49.888888888888886
7.987107492564264e-06,50.0
2.210269634252006e-05,50.11111111111111
9.904842571919863e-06,50.22222222222222
1.659638099273768e-05,50.33333333333333
6.338229173282553e-06,50.44444444444444
5.328576489789684e-06,50.55555555555555
2.3213257764392353e-05,50.666666666666664
1.4240292356227725e-05,50.77777777777777
1.3836454445794529e-05,50.888888888888886
6.144566216632325e-06,51.0
5.606479406266265e-06,51.11111111111111
1.274878305839992e-05,51.22222222222222
1.0219723132436106e-05,51.33333333333333
1.3782774135628491e-05,51.44444444444444
1.4573503838975867e-05,51.55555555555555
1.7194590684548422e-05,51.666666666666664
1.0623984821835679e-05,51.77777777777777
1.2597436256707481e-05,51.888888888888886
1.9749349147411863e-05,52.0
7.3398485943562895e-06,52.11111111111111
6.537198397278605e-06,52.22222222222222
1.1843143390514201e-05,52.33333333333333
1.6425831396459835e-05,52.44444444444444
1.5645277303255825e-05,52.55555555555555
9.154425535874591e-06,52.666666666666664
1.08727403717571e-05,52.77777777777777
1.3526501879058251e-05,52.888888888888886
3.518702667076103e-05,53.0
1.4170681639647932e-05,53.11111111111111
2.6644346051665734e-05,53.22222222222222
1.901419181785586e-05,53.33333333333333
7.103637244781596e-06,53.44444444444444
3.72774345098778e-05,53.55555555555555
1.3810407443107817e-05,53.666666666666664
2.3912641538894254e-06,53.77777777777777
2.3197569847766262e-05,53.888888888888886
8.113660300611358e-06,54.0
2.0220751384051478e-05,54.11111111111111
9.618781217066384e-06,54.22222222222222
2.902970409227641e-05,54.33333333333333
8.72841385205052e-06,54.44444444444444
1.8927752928252887e-05,54.55555555555555
2.1659692088862288e-05,54.666666666666664
3.0483406672873287e-05,54.77777777777777
1.7185925958037814e-05,54.888888888888886
3.4069383134314433e-06,55.0
2.6217471853652525e-05,55.11111111111111
1.392666686471109e-05,55.22222222222222
1.8383638929799425e-05,55.33333333333333
5.260619192703051e-06,55.44444444444444
2.253891392026252e-05,55.55555555555555
5.106930000654981e-06,55.666666666666664
1.1472344316066106e-05,55.77777777777777
1.1239254796707442e-05,55.888888888888886
6.5019072962259365e-06,56.0
2.847248472875642e-05,56.11111111111111
3.840313795180166e-06,56.22222222222222
1.3606128791072074e-05,56.33333333333333
1.6081003630318286e-05,56.44444444444444
1.1314008250806709e-05,56.55555555555555
2.095343640289553e-05,56.666666666666664
2.9952421135963054e-05,56.77777777777777
3.1988289273461134e-05,56.888888888888886
2.9626855988546843e-05,57.0
4.9369388883494466e-06,57.11111111111111
2.028514686117303e-05,57.22222222222222
1.1117342270236e-05,57.33333333333333
7.770012198639117e-06,57.44444444444444
8.264128122289019e-06,57.55555555555555
7.545517142852035e-06,57.666666666666664
1.755825876588598e-05,57.77777777777777
9.729472533668018e-06,57.888888888888886
4.977493464144953e-06,58.0
1.9013421392877097e-05,58.11111111111111
1.014337524012628e-05,58.22222222222222
1.7935558147644514e-05,58.33333333333333
6.0272503298844096e-06,58.44444444444444
1.427936637999651e-05,58.55555555555555
3.257166933469891e-06,58.666666666666664
1.0815078761814388e-05,58.77777777777777
1.3633154275310324e-05,58.888888888888886
1.0327303588119561e-05,59.0
2.3678124898134325e-05,59.11111111111111
1.0316086124279938e-05,59.22222222222222
1.9297094455446352e-05,59.33333333333333
3.444927094151281e-05,59.44444444444444
6.425843178796915e-06,59.55555555555555
2.5218567531799815e-06,59.666666666666664
1.1253550376596198e-05,59.77777777777777
1.3810237735532542e-05,59.888888888888886
1.5670861070740054e-05,60.0
4.243877783928746e-06,60.11111111111111
1.740466522365298e-05,60.22222222222222
1.839169171441366e-05,60.33333333333333
3.421824888116025e-05,60.44444444444444
2.657024912541367e-06,60.55555555555555
2.591372633222097e-05,60.666666666666664
1.725272706084354e-05,60.77777777777777
9.866043885843647e-06,60.888888888888886
7.710568049464721e-06,61.0
1.2910909950243004e-05,61.11111111111111
2.0239516061158722e-05,61.22222222222222
1.8380479763121507e-05,61.33333333333333
1.5570548350884558e-05,61.44444444444444
1.4032140303739449e-05,61.55555555555555
1.1572898244018034e-05,61.666666666666664
2.1411423673656883e-05,61.77777777777777
8.77998268038575e-06,61.888888888888886
3.273246975709345e-05,62.0
3.322944606211017e-05,62.11111111111111
1.3188909674125355e-05,62.22222222222222
2.8461494021423935e-05,62.33333333333333
2.7965881068749918e-05,62.44444444444444
1.789742066328726e-05,62.55555555555555
1.693979546952122e-05,62.666666666666664
9.947954666878116e-06,62.77777777777777
1.2304955998908947e-05,62.888888888888886
1.3224138354272091e-05,63.0
2.0324151352261528e-05,63.11111111111111
6.099303111585892e-06,63.22222222222222
1.511820376741819e-05,63.33333333333333
6.700190702876993e-06,63.44444444444444
1.8030287007616006e-05,63.55555555555555
1.3308940271546605e-05,63.666666666666664
8.640512921677083e-06,63.77777777777777
6.013907439672282e-06,63.888888888888886
2.0483027214468347e-05,64.0
1.1414924068089298e-05,64.11111111111111
1.0930536480414253e-05,64.22222222222221
1.666169718264461e-05,64.33333333333333
1.3924230794919553e-05,64.44444444444444
2.011152687571522e-05,64.55555555555556
2.431847133389969e-05,64.66666666666666
1.6846953542944614e-05,64.77777777777777
1.4470391055117769e-05,64.88888888888889
2.5251839096423213e-05,65.0
1.4064117255823435e-05,65.11111111111111
1.2843598860982363e-05,65.22222222222221
3.0875244301880576e-05,65.33333333333333
1.1108867816481442e-05,65.44444444444444
1.1914266319330185e-05,65.55555555555556
1.8186092855301473e-05,65.66666666666666
2.522163258946542e-05,65.77777777777777
2.0888097359548247e-05,65.88888888888889
1.9383704364384446e-05,66.0
8.858814828453905e-06,66.11111111111111
8.255940433134613e-06,66.22222222222221
1.1995143110224288e-05,66.33333333333333
1.0180747079799859e-05,66.44444444444444
1.536262475781363e-05,66.55555555555556
1.6933925696004658e-05,66.66666666666666
1.0111407645886323e-05,66.77777777777777
1.2507021262218242e-05,66.88888888888889
1.3211259275140294e-05,67.0
8.812077280748937e-06,67.11111111111111
1.976507445636479e-05,67.22222222222221
1.5146185587050368e-05,67.33333333333333
5.70786926227205e-06,67.44444444444444
2.1329540713916335e-05,67.55555555555556
1.6458864458918267e-05,67.66666666666666
4.450693104021431e-06,67.77777777777777
1.7478658187134282e-05,67.88888888888889
1.8592111872270143e-05,68.0
3.1642276346576573e-06,68.11111111111111
2.8115435116935105e-05,68.22222222222221
2.5400071850851736e-05,68.33333333333333
3.2736716189865306e-05,68.44444444444444
1.9934766077019247e-05,68.55555555555556
1.70197682739518e-05,68.66666666666666
2.3656629879529318e-05,68.77777777777777
6.84248356329984e-06,68.88888888888889
2.5227162827087267e-05,69.0
1.5642321165108858e-05,69.11111111111111
1.6100091388747503e-05,69.22222222222221
1.1829323684983247e-05,69.33333333333333
9.623078300159412e-06,69.44444444444444
1.013831163306002e-05,69.55555555555556
1.422687468156207e-05,69.66666666666666
1.3938015603518761e-05,69.77777777777777
1.882077929898721e-05,69.88888888888889
7.823651936810032e-06,70.0
1.0062090144776881e-05,70.11111111111111
7.044396751373221e-06,70.22222222222221
1.437141042797619e-05,70.33333333333333
3.666601399118906e-06,70.44444444444444
5.593952482547546e-06,70.55555555555556
9.122641045439098e-06,70.66666666666666
4.606972135236091e-06,70.77777777777777
1.0893063700152553e-05,70.88888888888889
7.251208430664894e-06,71.0
1.977254563741423e-05,71.11111111111111
1.88201603445867e-05,71.22222222222221
1.0098197754362126e-05,71.33333333333333
3.1758645137978504e-05,71.44444444444444
1.0496358689815087e-05,71.55555555555556
1.3642476186993932e-05,71.66666666666666
2.3869607770712746e-05,71.77777777777777
2.3055713115561527e-05,71.88888888888889
1.5014193269350028e-05,72.0
7.016423286367354e-06,72.1111111111111
1.7471108239990483e-05,72.22222222222221
7.978021472260446e-06,72.33333333333333
1.4687629358348223e-05,72.44444444444444
2.276671908748434e-05,72.55555555555556
1.6871039117864945e-05,72.66666666666666
2.238766837660035e-05,72.77777777777777
1.27123977701771e-05,72.88888888888889
1.6160422691503453e-05,73.0
2.5292588660683727e-06,73.1111111111111
6.704923288649429e-06,73.22222222222221
8.621334295341135e-06,73.33333333333333
1.8270459777442088e-05,73.44444444444444
2.767948589931211e-06,73.55555555555556
1.6449141290396078e-05,73.66666666666666
9.983571849134422e-06,73.77777777777777
4.956270288212236e-06,73.88888888888889
9.019740273131124e-06,74.0
2.5099329530152665e-05,74.1111111111111
2.810642322190526e-06,74.22222222222221
1.6102184664102856e-05,74.33333333333333
1.3950872057901999e-05,74.44444444444444
1.0602607147486247e-05,74.55555555555556
1.0307345487960894e-05,74.66666666666666
1.3167557255971127e-05,74.77777777777777
1.958541011154391e-05,74.88888888888889
3.1661253556273004e-05,75.0
1.861383468954691e-05,75.1111111111111
2.2193853698314537e-05,75.22222222222221
8.699265196444109e-06,75.33333333333333
1.0355261136331668e-05,75.44444444444444
2.3185543633715158e-05,75.55555555555556
4.027728586546194e-06,75.66666666666666
1.7406898137739645e-05,75.77777777777777
1.3244160840656312e-05,75.88888888888889
3.3372403455357656e-05,76.0
1.710478895037015e-05,76.1111111111111
1.6004894035330195e-05,76.22222222222221
2.793025613705936e-05,76.33333333333333
1.8424713145785435e-05,76.44444444444444
1.8646497484400697e-05,76.55555555555556
2.66505553238679e-05,76.66666666666666
2.3685918571578614e-05,76.77777777777777
9.059336204357325e-06,76.88888888888889
8.195484986095778e-06,77.0
1.1336212356875748e-05,77.1111111111111
2.410918748230145e-05,77.22222222222221
2.086055508438193e-05,77.33333333333333
1.9170685375711962e-05,77.44444444444444
1.4530402601774252e-05,77.55555555555556
1.3673704912404026e-05,77.66666666666666
1.2508608299312263e-05,77.77777777777777
1.5972670061856202e-05,77.88888888888889
1.2846678125883868e-05,78.0
1.4145942618633899e-05,78.1111111111111
1.6706042597301733e-05,78.22222222222221
1.8321745737573747e-05,78.33333333333333
1.925060483277358e-06,78.44444444444444
4.615124298981907e-06,78.55555555555556
1.1724245837425039e-05,78.66666666666666
5.843656224190518e-06,78.77777777777777
9.143403163021516e-06,78.88888888888889
1.6968214593207022e-05,79.0
2.716793183424534e-05,79.1111111111111
1.5750519432048636e-05,79.22222222222221
2.6393309918828054e-06,79.33333333333333
1.505819032925641e-05,79.44444444444444
2.1719489070063863e-05,79.55555555555556
1.8421625577866414e-05,79.66666666666666
1.164546702917611e-05,79.77777777777777
1.3223700673378391e-05,79.88888888888889
1.6782450400549864e-05,80.0
1.151241396258444e-06,80.1111111111111
2.6894995886481225e-06,80.22222222222221
2.9824814049185016e-05,80.33333333333333
1.2686936909401488e-05,80.44444444444444
1.7535155336482962e-05,80.55555555555556
7.670490974747802e-06,80.66666666666666
2.073409989633627e-05,80.77777777777777
8.12051803896965e-06,80.88888888888889
6.376201577481785e-06,81.0
5.680740720916017e-06,81.1111111111111
7.2868139591363416e-06,81.22222222222221
1.4201332921713326e-05,81.33333333333333
1.0744014385458012e-05,81.44444444444444
2.116472300886075e-05,81.55555555555556
1.5816788438320524e-05,81.66666666666666
1.8346371013120068e-05,81.77777777777777
1.7403088207373757e-05,81.88888888888889
1.3399642126092536e-05,82.0
1.473528521959578e-05,82.1111111111111
1.1177509858343038e-05,82.22222222222221
2.2911085773453195e-05,82.33333333333333
2.0365431166248872e-05,82.44444444444444
2.90071188073217e-05,82.55555555555556
2.54128258786892e-05,82.66666666666666
3.585606681187151e-05,82.77777777777777
9.943547646097917e-06,82.88888888888889
5.596372134335491e-06,83.0
1.3246957576711702e-05,83.1111111111111
2.4691918629301247e-05,83.22222222222221
8.853290482754151e-06,83.33333333333333
1.1213711614490822e-05,83.44444444444444
5.633672306233392e-06,83.55555555555556
1.5080311888905913e-05,83.66666666666666
1.7968150612673573e-05,83.77777777777777
3.8219940321688184e-05,83.88888888888889
1.7220611648798942e-05,84.0
1.0109235872923757e-05,84.1111111111111
2.8431115307141916e-05,84.22222222222221
7.058563413607507e-06,84.33333333333333
2.385352752561743e-05,84.44444444444444
1.5782124968544067e-05,84.55555555555556
1.8976449810089836e-05,84.66666666666666
2.420851060168245e-05,84.77777777777777
1.6637273824848053e-05,84.88888888888889
8.149641537717133e-06,85.0
1.490639421894158e-05,85.1111111111111
6.492542045034259e-06,85.22222222222221
1.0677668153972001e-05,85.33333333333333
1.905722272294181e-05,85.44444444444444
1.7683720071998098e-05,85.55555555555556
2.5583094650369694e-05,85.66666666666666
2.6792180819979063e-05,85.77777777777777
1.732388510039995e-05,85.88888888888889
2.1225136965707972e-05,86.0
1.0151269366055357e-05,86.1111111111111
1.174279046761937e-05,86.22222222222221
1.1930879431875297e-05,86.33333333333333
1.2809574860520421e-05,86.44444444444444
7.572587118199665e-06,86.55555555555556
2.3102859309973387e-05,86.66666666666666
1.7282513073553053e-05,86.77777777777777
1.1268910480565082e-05,86.88888888888889
1.9135585618180213e-05,87.0
2.0670375039811436e-05,87.1111111111111
2.2118767065714452e-06,87.22222222222221
9.62334588246946e-06,87.33333333333333
8.505322914576107e-06,87.44444444444444
3.7119299034230423e-06,87.55555555555556
1.1677929125774736e-05,87.66666666666666
4.577884439555683e-06,87.77777777777777
3.6981504059815947e-06,87.88888888888889
2.3412866000360915e-05,88.0
2.062931497400426e-05,88.1111111111111
8.156756139452442e-06,88.22222222222221
1.949186891976967e-05,88.33333333333333
2.3837693834134632e-05,88.44444444444444
8.11257064384288e-06,88.55555555555556
2.1184613808662652e-05,88.66666666666666
1.8458786673135828e-05,88.77777777777777
1.2328391567053837e-05,88.88888888888889
2.1873808653407723e-06,89.0
1.4726891075514925e-05,89.1111111111111
1.3341744366379324e-05,89.22222222222221
1.0763778153743314e-05,89.33333333333333
1.512987984741926e-05,89.44444444444444
5.054216292959395e-06,89.55555555555556
1.814544986494343e-05,89.66666666666666
3.2071440680431237e-06,89.77777777777777
3.373177446186929e-05,89.88888888888889
8.198712807426948e-06,90.0
9.158106207735445e-06,90.1111111111111
9.890197936541174e-06,90.22222222222221
9.927475826797551e-06,90.33333333333333
1.72413273239941e-05,90.44444444444444
2.2945245236750996e-05,90.55555555555556
2.304276389127764e-05,90.66666666666666
5.092444569409162e-06,90.77777777777777
2.3078686679783888e-05,90.88888888888889
3.9382257013695675e-05,91.0
1.9647292441922315e-05,91.1111111111111
4.304857846731799e-06,91.22222222222221
1.815420279066843e-05,91.33333333333333
3.084208995134283e-05,91.44444444444444
2.7759428521420923e-05,91.55555555555556
1.3218050483932828e-05,91.66666666666666
5.400636564974899e-06,91.77777777777777
1.2722138418657136e-05,91.88888888888889
2.2520976409678077e-05,92.0
5.62116934371949e-06,92.1111111111111
2.644048557551204e-05,92.22222222222221
2.432589580728892e-05,92.33333333333333
2.175158404682117e-05,92.44444444444444
1.0819817782894981e-05,92.55555555555556
1.0487868259241378e-05,92.66666666666666
2.0597145352116143e-05,92.77777777777777
2.1994117154861756e-05,92.88888888888889
9.814752244776332e-06,93.0
1.1174617609432517e-05,93.1111111111111
1.1407766897633135e-05,93.22222222222221
1.4501964350188678e-05,93.33333333333333
2.4065112595142585e-05,93.44444444444444
3.4971704246335376e-05,93.55555555555556
4.662519157257044e-06,93.66666666666666
2.105649245452834e-05,93.77777777777777
1.5995805822911055e-05,93.88888888888889
6.728879038333477e-06,94.0
3.1534337996772436e-05,94.1111111111111
2.6574727602599065e-05,94.22222222222221
1.3509227732086656e-05,94.33333333333333
1.085373099286787e-05,94.44444444444444
1.6015298157765427e-06,94.55555555555556
1.789623013450758e-06,94.66666666666666
9.50330884674721e-06,94.77777777777777
2.7525498003799248e-05,94.88888888888889
2.218506432684711e-05,95.0
2.9447912579519552e-05,95.1111111111111
1.529431114610762e-05,95.22222222222221
1.627818766283933e-05,95.33333333333333
2.3282730526264984e-05,95.44444444444444
1.848969172953816e-05,95.55555555555556
2.4218372759434377e-05,95.66666666666666
9.923151402053437e-06,95.77777777777777
1.2990426252892799e-05,95.88888888888889
2.5925229606890582e-05,96.0
1.0039550842968097e-05,96.1111111111111
1.3161199594866025e-05,96.22222222222221
1.7270116095025865e-05,96.33333333333333
1.7142042517417876e-05,96.44444444444444
1.0225981818803282e-05,96.55555555555556
2.2899621446946368e-05,96.66666666666666
1.7268976736982067e-05,96.77777777777777
3.649942060377334e-05,96.88888888888889
4.992574141573939e-06,97.0
1.6050982315230833e-05,97.1111111111111
2.7025563271335888e-05,97.22222222222221
2.7042150744075712e-06,97.33333333333333
7.090522709659469e-06,97.44444444444444
1.3401584623319948e-05,97.55555555555556
6.536237516219587e-06,97.66666666666666
1.897307120450016e-05,97.77777777777777
4.639009797006107e-06,97.88888888888889
1.6306289623184115e-05,98.0
3.0158838859032372e-05,98.1111111111111
1.0328841163250858e-05,98.22222222222221
2.103803544537111e-05,98.33333333333333
1.9463806577717193e-05,98.44444444444444
1.0434482745500404e-05,98.55555555555556
2.1797708045638228e-05,98.66666666666666
2.3314861615080526e-06,98.77777777777777
1.5891506811840593e-05,98.88888888888889
9.305416005895996e-06,99.0
1.4542456427539007e-05,99.1111111111111
2.0396720318449164e-05,99.22222222222221
9.949077587370369e-06,99.33333333333333
1.5517504603731643e-05,99.44444444444444
2.1288774556766937e-05,99.55555555555554
5.671937017035413e-06,99.66666666666666
3.0062064947269725e-06,99.77777777777777
9.068828363824251e-06,99.88888888888889
6.984078752974963e-06,100.0
2.671440381100406e-05,100.1111111111111
1.3069767592411461e-05,100.22222222222221
1.1409058323555826e-05,100.33333333333333
4.812181595604781e-06,100.44444444444444
2.2190768175033897e-05,100.55555555555554
1.2694785018107721e-05,100.66666666666666
2.8627872490557753e-05,100.77777777777777
9.537557055220208e-06,100.88888888888889
4.6304574443049364e-05,101.0
3.7491600322521692e-06,101.1111111111111
1.1890696053564048e-05,101.22222222222221
1.6032102341284507e-05,101.33333333333333
3.226305531684749e-05,101.44444444444444
1.3924244026541054e-05,101.55555555555554
2.4095892802463414e-05,101.66666666666666
2.014316682169476e-05,101.77777777777777
1.4659483935465175e-05,101.88888888888889
1.3833813910890644e-05,102.0
2.326442714811889e-05,102.1111111111111
1.1965292609489676e-05,102.22222222222221
1.9988025731914306e-05,102.33333333333333
2.596172472833762e-06,102.44444444444444
8.204718406355593e-06,102.55555555555554
2.596783921108875e-06,102.66666666666666
1.4322839917402142e-05,102.77777777777777
5.395496345338194e-06,102.88888888888889
1.3744782679265445e-05,103.0
6.871902437283845e-06,103.1111111111111
2.784919517942255e-05,103.22222222222221
8.759541382494865e-06,103.33333333333333
1.3565502229580206e-05,103.44444444444444
1.819784495000217e-05,103.55555555555554
2.531455351238159e-05,103.66666666666666
3.642670507546322e-05,103.77777777777777
2.900873643003458e-05,103.88888888888889
1.2938248289591637e-05,104.0
1.8010583178467335e-05,104.1111111111111
8.670086767858347e-06,104.22222222222221
7.763466945696019e-06,104.33333333333333
1.2386718362402032e-05,104.44444444444444
4.486430843449303e-06,104.55555555555554
9.275886753353064e-06,104.66666666666666
2.386550663707809e-05,104.77777777777777
1.3282540009353315e-05,104.88888888888889
4.805921568950786e-06,105.0
9.773215473657122e-06,105.1111111111111
1.3042990221271751e-05,105.22222222222221
1.3316703073689902e-05,105.33333333333333
1.2705866428017536e-05,105.44444444444444
1.571112296022424e-05,105.55555555555554
2.2600648634707727e-05,105.66666666666666
8.367281153825942e-06,105.77777777777777
2.26473824104289e-05,105.88888888888889
2.9338698766175218e-05,106.0
8.274633236742845e-06,106.1111111111111
1.5272174972465196e-05,106.22222222222221
1.5633591314317773e-05,106.33333333333333
2.3921927281497264e-05,106.44444444444444
1.3842344985636269e-05,106.55555555555554
1.8579326574804328e-05,106.66666666666666
1.457562173763806e-05,106.77777777777777
1.315906299974033e-05,106.88888888888889
1.0758347323316057e-05,107.0
1.6465878104698044e-05,107.1111111111111
2.0789187566624162e-05,107.22222222222221
1.1261124820164043e-05,107.33333333333333
1.8584458982681835e-05,107.44444444444444
1.4882078217022502e-05,107.55555555555554
5.4293611283951964e-06,107.66666666666666
1.568916547439829e-05,107.77777777777777
1.171347742541145e-05,107.88888888888889
1.180287535546425e-05,108.0
1.4687975292137017e-05,108.1111111111111
1.011244972498114e-05,108.22222222222221
3.899218001314528e-06,108.33333333333333
5.356721166880238e-06,108.44444444444444
2.3591889862781426e-06,108.55555555555554
1.4646349587485543e-05,108.66666666666666
1.2907607047321971e-05,108.77777777777777
1.3754463983846341e-05,108.88888888888889
3.697792399879424e-05,109.0
1.3583426248117321e-05,109.1111111111111
1.5013168344159788e-05,109.22222222222221
5.893386952803895e-06,109.33333333333333
1.5946270929206373e-05,109.44444444444444
2.2922828065004866e-05,109.55555555555554
9.10206183481987e-06,109.66666666666666
1.9104391191554964e-05,109.77777777777777
1.8592638622748116e-05,109.88888888888889
3.2150179105412646e-05,110.0
1.148076975405637e-05,110.1111111111111
2.9298977526130854e-06,110.22222222222221
2.7407658428784934e-05,110.33333333333333
1.4411092031603572e-05,110.44444444444444
1.2646495751839239e-05,110.55555555555554
1.1515305046571022e-05,110.66666666666666
1.4189119883015367e-05,110.77777777777777
4.2407419081973255e-06,110.88888888888889
2.2335918429920466e-05,111.0
1.8258215414300764e-05,111.1111111111111
1.92908044014986e-05,111.22222222222221
2.2442018828018256e-05,111.33333333333333
1.4448094338564167e-05,111.44444444444444
1.7887030278104974e-05,111.55555555555554
3.0447011709399724e-05,111.66666666666666
1.3011966121440615e-05,111.77777777777777
9.60835127774927e-06,111.88888888888889
2.5394706973204884e-05,112.0
1.3830768847382766e-05,112.1111111111111
1.0493913911128667e-05,112.22222222222221
1.3206260107216543e-05,112.33333333333333
1.0924997053086651e-05,112.44444444444444
2.2951674528433574e-05,112.55555555555554
1.3275755653309109e-05,112.66666666666666
4.007128889630178e-05,112.77777777777777
1.448519848914656e-05,112.88888888888889
2.5116290964221526e-05,113.0
2.276231826013824e-05,113.1111111111111
8.125250725035859e-06,113.22222222222221
6.548623343707604e-06,113.33333333333333
1.2406670124175224e-05,113.44444444444444
1.7661149480753932e-05,113.55555555555554
3.0301393823046247e-05,113.66666666666666
4.194714960171876e-06,113.77777777777777
3.3291031317440886e-05,113.88888888888889
1.929076262951969e-05,114.0
1.554828633796949e-05,114.1111111111111
2.01816490109713e-05,114.22222222222221
1.3151862785380397e-05,114.33333333333333
1.4912935327311788e-05,114.44444444444444
2.642052789985721e-05,114.55555555555554
9.008775549224929e-06,114.66666666666666
5.910310773826685e-06,114.77777777777777
1.0559573728753855e-05,114.88888888888889
2.396469024492945e-05,115.0
3.5168467262437624e-05,115.1111111111111
1.690213261630161e-05,115.22222222222221
9.935027825257388e-06,115.33333333333333
8.615441570403492e-06,115.44444444444444
1.70253854776594e-05,115.55555555555554
1.710762265335413e-05,115.66666666666666
2.208063954172753e-05,115.77777777777777
1.9710762686083345e-05,115.88888888888889
1.1372040693852033e-05,116.0
1.2205972001704384e-05,116.1111111111111
2.9558651974795353e-05,116.22222222222221
6.9538114559939355e-06,116.33333333333333
1.411539185849537e-05,116.44444444444444
2.4143258127800522e-05,116.55555555555554
1.6343443454438747e-05,116.66666666666666
1.2857113961182365e-05,116.77777777777777
1.983464579541517e-05,116.88888888888889
7.839180188212547e-06,117.0
1.0140615606818298e-05,117.1111111111111
8.684004208348288e-06,117.22222222222221
4.684860752185488e-06,117.33333333333333
1.7548871833367858e-05,117.44444444444444
1.7958797807459358e-05,117.55555555555554
2.3560322319090927e-05,117.66666666666666
2.871052266718773e-05,117.77777777777777
2.5333580430909763e-05,117.88888888888889
1.409060550140983e-05,118.0
7.969311458642378e-06,118.1111111111111
2.7182040074966246e-06,118.22222222222221
4.864290215058554e-06,118.33333333333333
2.2279076196170824e-05,118.44444444444444
7.840787368994857e-06,118.55555555555554
8.382163788721818e-06,118.66666666666666
3.760838841944183e-06,118.77777777777777
1.0457554037167217e-05,118.88888888888889
8.337757568288139e-06,119.0
3.830461932003672e-06,119.1111111111111
1.7399368457513426e-05,119.22222222222221
1.67073148369419e-05,119.33333333333333
1.0238194635743336e-05,119.44444444444444
1.7898488355738898e-05,119.55555555555554
1.2479723902844199e-05,119.66666666666666
1.9880089212364183e-05,119.77777777777777
1.611784547606119e-05,119.88888888888889
2.385249619955327e-05,120.0
9.910887949749485e-06,120.1111111111111
1.638730454337329e-05,120.22222222222221
1.2423366816176283e-05,120.33333333333333
1.0685792789378616e-05,120.44444444444444
3.7569608765449114e-05,120.55555555555554
1.1046811172050016e-05,120.66666666666666
1.877381039299733e-05,120.77777777777777
7.049721887680106e-06,120.88888888888889
7.136218006679152e-06,121.0
2.435033835181883e-05,121.1111111111111
1.2613459513777253e-05,121.22222222222221
2.3291533239457667e-05,121.33333333333333
1.9936681181854592e-05,121.44444444444444
1.127356098629447e-05,121.55555555555554
2.5287027609907545e-05,121.66666666666666
1.8104933580004994e-05,121.77777777777777
2.0083612850572286e-05,121.88888888888889
6.095013555320226e-06,122.0
1.8212517751637344e-05,122.1111111111111
1.263435020263005e-05,122.22222222222221
1.48584154752482e-05,122.33333333333333
2.734993179966409e-05,122.44444444444444
1.815232144359744e-05,122.55555555555554
1.9342625072581025e-05,122.66666666666666
1.0110319592477214e-05,122.77777777777777
2.5192297903049473e-05,122.88888888888889
1.2962349071928834e-05,123.0
2.112526528143556e-05,123.1111111111111
3.640459083679766e-05,123.22222222222221
2.3565064087343812e-05,123.33333333333333
1.4004188540865215e-05,123.44444444444444
1.856307800332866e-05,123.55555555555554
2.2535550004846034e-06,123.66666666666666
1.409325848187611e-05,123.77777777777777
1.08608369590199e-05,123.88888888888889
9.22576763188987e-06,124.0
2.522729053918425e-05,124.1111111111111
3.55822738194189e-05,124.22222222222221
9.967646963840534e-06,124.33333333333333
1.2673754229223151e-05,124.44444444444444
1.727592876582129e-05,124.55555555555554
5.114371727463435e-06,124.66666666666666
1.225106228019791e-05,124.77777777777777
2.0839167667596886e-05,124.88888888888889
1.664197700481423e-05,125.0
1.4131499039754504e-05,125.1111111111111
1.8124621177318348e-05,125.22222222222221
9.104590168088388e-06,125.33333333333333
2.430385940082173e-05,125.44444444444444
2.183417513991116e-05,125.55555555555554
7.2103542651197485e-06,125.66666666666666
4.748567628636176e-06,125.77777777777777
1.3067979321363004e-05,125.88888888888889
2.553303292728761e-05,126.0
4.615384552929828e-05,126.1111111111111
4.2815937837730664e-06,126.22222222222221
7.5617062587541545e-06,126.33333333333333
1.12671945774193e-05,126.44444444444444
1.737048666285051e-05,126.55555555555554
1.8803767903827727e-05,126.66666666666666
2.585029314941243e-06,126.77777777777777
5.483778440423889e-06,126.88888888888889
2.0803889949470312e-05,127.0
2.793861263217597e-05,127.1111111111111
1.0556033203991404e-05,127.22222222222221
8.906413983275277e-06,127.33333333333333
1.795034988692023e-05,127.44444444444444
3.6508335803423602e-06,127.55555555555554
2.4645333454556433e-05,127.66666666666666
1.1542272662026382e-05,127.77777777777777
1.0839401273640522e-05,127.88888888888889
5.3806448334234895e-06,128.0
1.7317487279539327e-05,128.11111111111111
1.3307937425512235e-05,128.22222222222223
1.1266273673611954e-05,128.33333333333331
5.663083012410503e-06,128.44444444444443
1.0211738179232747e-05,128.55555555555554
9.43537023809244e-06,128.66666666666666
2.883187250749687e-05,128.77777777777777
1.4844835416225637e-05,128.88888888888889
1.7309619595867336e-05,129.0
1.0737355297469055e-05,129.11111111111111
7.223732488193414e-06,129.22222222222223
8.728589337415149e-06,129.33333333333331
1.624085392483958e-05,129.44444444444443
2.960593330679886e-05,129.55555555555554
1.3323651492001308e-05,129.66666666666666
1.3789431135798401e-05,129.77777777777777
3.997142775934301e-06,129.88888888888889
8.732009746553957e-06,130.0
1.5098718686911356e-05,130.11111111111111
1.8195190852211823e-05,130.22222222222223
9.856571893205886e-06,130.33333333333331
8.742522343137797e-06,130.44444444444443
7.662457379255474e-06,130.55555555555554
1.6232414536382407e-05,130.66666666666666
2.2004137585928522e-05,130.77777777777777
6.616263143076858e-06,130.88888888888889
3.0144415042827062e-06,131.0
4.696081528648069e-06,131.11111111111111
3.4773228447580745e-05,131.22222222222223
3.942256812672047e-05,131.33333333333331
1.1908718057712565e-05,131.44444444444443
5.464988352787694e-06,131.55555555555554
1.5511122710161962e-05,131.66666666666666
1.1343971392071704e-05,131.77777777777777
1.3018940521441247e-05,131.88888888888889
3.4126987752159665e-05,132.0
1.645490527984491e-05,132.11111111111111
3.3877197336008353e-06,132.22222222222223
9.0610610869968e-06,132.33333333333331
1.6386555017795966e-05,132.44444444444443
1.136586424663682e-05,132.55555555555554
1.1070428160388533e-05,132.66666666666666
3.2210808518210293e-05,132.77777777777777
1.2949358216731249e-05,132.88888888888889
1.1821657756749851e-05,133.0
1.485504749922648e-05,133.11111111111111
3.152392261989611e-05,133.22222222222223
8.86653923278848e-06,133.33333333333331
1.5120933111810566e-05,133.44444444444443
1.1842587904035634e-05,133.55555555555554
1.9777935865934994e-05,133.66666666666666
2.2041121141170484e-05,133.77777777777777
1.2194348513211827e-05,133.88888888888889
1.792735240670287e-05,134.0
7.017075058803559e-06,134.11111111111111
8.056275020451757e-06,134.22222222222223
3.2235216057389406e-06,134.33333333333331
1.4055171837685245e-05,134.44444444444443
1.4885621731148724e-05,134.55555555555554
3.4905385804479644e-05,134.66666666666666
1.027180154409829e-05,134.77777777777777
1.2825352009602519e-05,134.88888888888889
4.457948126826451e-06,135.0
2.9154688965147244e-05,135.11111111111111
4.249266769813982e-06,135.22222222222223
1.8381630689060356e-05,135.33333333333331
1.9600043603657616e-05,135.44444444444443
2.956235815620953e-05,135.55555555555554
1.6125875013270325e-05,135.66666666666666
3.6786395903460503e-06,135.77777777777777
1.3523192604540162e-05,135.88888888888889
6.3511820736016525e-06,136.0
1.9348455775284815e-05,136.11111111111111
2.7343018645058105e-05,136.22222222222223
2.0317206360021097e-05,136.33333333333331
8.820269359708698e-06,136.44444444444443
1.6004465578810732e-05,136.55555555555554
7.219063884833091e-06,136.66666666666666
1.06433290424506e-05,136.77777777777777
3.2017860840089474e-05,136.88888888888889
3.514976122221355e-05,137.0
2.2835319976366953e-05,137.11111111111111
1.2769394998276447e-05,137.22222222222223
3.678302178570386e-06,137.33333333333331
4.408768422183925e-06,137.44444444444443
7.464594950637776e-06,137.55555555555554
1.641657846523997e-05,137.66666666666666
2.998238420092961e-05,137.77777777777777
1.8453115567763805e-05,137.88888888888889
2.699096207446315e-05,138.0
2.5400935504447407e-05,138.11111111111111
8.611656047193481e-06,138.22222222222223
1.7701086702764226e-05,138.33333333333331
2.67374336256885e-05,138.44444444444443
1.2440878539428578e-05,138.55555555555554
1.8299568940800087e-05,138.66666666666666
2.166840687429038e-05,138.77777777777777
1.3501061749413456e-05,138.88888888888889
1.593040580041542e-05,139.0
1.4880682085180466e-05,139.11111111111111
1.606974875581727e-05,139.22222222222223
1.1037499456703368e-05,139.33333333333331
2.6832503451845388e-05,139.44444444444443
1.2129850145102269e-05,139.55555555555554
1.7063599727329466e-05,139.66666666666666
3.5419955364596264e-06,139.77777777777777
6.348906798637014e-06,139.88888888888889
2.8913730399072478e-05,140.0
1.4498534330024118e-05,140.11111111111111
6.429065958551603e-06,140.22222222222223
1.1494359511994593e-05,140.33333333333331
9.704203852813496e-06,140.44444444444443
2.463287269594284e-05,140.55555555555554
1.7398768731936104e-05,140.66666666666666
1.0850272672775297e-05,140.77777777777777
1.0566238538850499e-05,140.88888888888889
3.3629568162951904e-06,141.0
2.749298050438452e-05,141.11111111111111
2.081537660453326e-05,141.22222222222223
1.023375395257027e-05,141.33333333333331
1.4664619123226889e-05,141.44444444444443
2.2678897660551013e-05,141.55555555555554
1.855736818130817e-05,141.66666666666666
2.7328002672357188e-05,141.77777777777777
6.66278251117815e-06,141.88888888888889
3.0158466069563102e-05,142.0
2.9848423638747925e-05,142.11111111111111
1.491736647937949e-05,142.22222222222223
1.3981640474878742e-05,142.33333333333331
3.228979572579306e-05,142.44444444444443
1.7972211331966145e-05,142.55555555555554
2.5879813520176937e-05,142.66666666666666
2.2503125642922794e-05,142.77777777777777
5.23595270460655e-06,142.88888888888889
1.8160356790261373e-05,143.0
1.3710881743087718e-05,143.11111111111111
3.401780977557433e-05,143.2222222222222
2.3418308198856594e-05,143.33333333333331
2.954900836485832e-05,143.44444444444443
1.0467812096355864e-05,143.55555555555554
9.12669705327151e-06,143.66666666666666
8.628242074069331e-06,143.77777777777777
8.553118198821291e-06,143.88888888888889
1.5862165726563747e-05,144.0
1.286823469602908e-05,144.11111111111111
1.0886475290208665e-05,144.2222222222222
1.5543310958040066e-05,144.33333333333331
3.635800916803662e-05,144.44444444444443
1.6526057462012623e-05,144.55555555555554
2.5489354777837756e-05,144.66666666666666
1.8629345313083717e-05,144.77777777777777
2.573181146033269e-05,144.88888888888889
1.171981313062193e-05,145.0
1.1365189379074848e-05,145.11111111111111
2.2274375132186867e-05,145.2222222222222
2.8375825366444052e-06,145.33333333333331
1.1065128183018973e-05,145.44444444444443
1.8637034842088183e-05,145.55555555555554
9.40017846943982e-06,145.66666666666666
1.2611846420745118e-05,145.77777777777777
1.161054652097653e-05,145.88888888888889
8.585520590028712e-06,146.0
6.548572846131489e-06,146.11111111111111
1.2342931620123701e-05,146.2222222222222
6.387018885597508e-06,146.33333333333331
7.006776598873084e-06,146.44444444444443
2.0333893209566247e-05,146.55555555555554
1.4966367518061911e-05,146.66666666666666
1.0416743335087066e-05,146.77777777777777
4.793533067080387e-06,146.88888888888889
1.3949768116972267e-05,147.0
1.5698200881674875e-05,147.11111111111111
1.6101529872931533e-05,147.2222222222222
2.507091107127251e-05,147.33333333333331
2.3030521563868115e-05,147.44444444444443
9.615604709225937e-06,147.55555555555554
4.4048962267207476e-06,147.66666666666666
1.2833318545058856e-05,147.77777777777777
3.2642277659156107e-06,147.88888888888889
1.996681371143927e-05,148.0
9.215991554035826e-06,148.11111111111111
1.2812444662831757e-05,148.2222222222222
1.888101299155e-05,148.33333333333331
1.4782999649096755e-05,148.44444444444443
2.4781810730776897e-05,148.55555555555554
1.7074680310638437e-05,148.66666666666666
2.3422817688395794e-05,148.77777777777777
1.877143203752502e-05,148.88888888888889
1.4436381224263124e-05,149.0
4.225810182525364e-06,149.11111111111111
1.123389767947215e-05,149.2222222222222
1.1458285808794145e-05,149.33333333333331
2.015099417842732e-05,149.44444444444443
1.97695267696205e-05,149.55555555555554
2.538816560805135e-05,149.66666666666666
9.123647819299193e-06,149.77777777777777
2.0723114800397146e-05,149.88888888888889
2.37948895355455e-05,150.0
1.769497398748584e-05,150.11111111111111
2.063498055112134e-05,150.2222222222222
1.822222392823085e-05,150.33333333333331
1.5846425509014132e-05,150.44444444444443
1.1033669297469658e-05,150.55555555555554
1.0343368016640046e-05,150.66666666666666
2.9592467663020997e-05,150.77777777777777
3.378761930114145e-06,150.88888888888889
9.558571437511908e-06,151.0
6.028656141918894e-06,151.11111111111111
1.6295948325620335e-05,151.2222222222222
9.83564083826063e-06,151.33333333333331
1.4765250458914029e-05,151.44444444444443
2.1790297115127294e-05,151.55555555555554
6.1222421655046275e-06,151.66666666666666
2.457523371477823e-06,151.77777777777777
2.9968283513980164e-06,151.88888888888889
2.1225713408694933e-05,152.0
6.803733454512884e-06,152.11111111111111
9.095854819549469e-06,152.2222222222222
1.39920717779961e-05,152.33333333333331
1.9176343301948176e-05,152.44444444444443
1.7314118526434538e-05,152.55555555555554
2.4138179440633896e-05,152.66666666666666
2.010862209801119e-05,152.77777777777777
2.7754372696757213e-05,152.88888888888889
1.5731047557925336e-05,153.0
7.971075870087255e-06,153.11111111111111
9.7843233752162e-06,153.2222222222222
3.3438317306333966e-06,153.33333333333331
1.810642294943788e-05,153.44444444444443
2.8105555540397162e-05,153.55555555555554
1.4709580914151807e-05,153.66666666666666
1.6171066646209505e-05,153.77777777777777
8.92356497481742e-06,153.88888888888889
1.486702827642998e-05,154.0
4.7176779691256825e-06,154.11111111111111
1.0243795674841222e-05,154.2222222222222
1.194919699607224e-05,154.33333333333331
3.205956867066762e-05,154.44444444444443
1.5521031955683345e-05,154.55555555555554
2.1008157054787808e-05,154.66666666666666
1.420916708701151e-05,154.77777777777777
6.4790671734264385e-06,154.88888888888889
1.7635321320153004e-05,155.0
1.9423041229919073e-05,155.11111111111111
8.262424967291896e-06,155.2222222222222
2.0166903431769376e-05,155.33333333333331
1.743275101167994e-05,155.44444444444443
1.1977224915712317e-05,155.55555555555554
1.1119376356884495e-05,155.66666666666666
3.239284236229145e-05,155.77777777777777
2.1041525119588313e-05,155.88888888888889
1.3734259217427311e-05,156.0
2.0673998398105743e-05,156.11111111111111
5.920606480573329e-06,156.2222222222222
4.643411856474974e-06,156.33333333333331
1.9783790725628177e-05,156.44444444444443
1.1097768520590805e-05,156.55555555555554
1.0287212102041529e-05,156.66666666666666
1.1257232952981369e-05,156.77777777777777
2.260766610085249e-05,156.88888888888889
1.2082626063527743e-05,157.0
1.6540672788260247e-05,157.11111111111111
9.2508751688255e-06,157.2222222222222
1.1269119496134059e-05,157.33333333333331
2.11947204606059e-05,157.44444444444443
7.059583741084809e-06,157.55555555555554
1.7711951693068394e-05,157.66666666666666
9.996129197218982e-06,157.77777777777777
1.788123215543729e-05,157.88888888888889
2.075999691346223e-05,158.0
4.215512547950826e-06,158.11111111111111
1.5274052627469514e-05,158.2222222222222
5.197281307488962e-06,158.33333333333331
8.64766083794717e-06,158.44444444444443
2.7574578918231062e-05,158.55555555555554
1.3645106191106046e-05,158.66666666666666
9.539347550850661e-06,158.77777777777777
1.360545901098144e-05,158.88888888888889
9.030111424561979e-06,159.0
1.2870146285201363e-05,159.11111111111111
8.393096806728192e-06,159.2222222222222
1.4840496148835165e-05,159.33333333333331
1.1994616462446134e-05,159.44444444444443
4.543101217420888e-06,159.55555555555554
1.5007455044109454e-05,159.66666666666666
1.0793135615273443e-05,159.77777777777777
1.313106738641143e-05,159.88888888888889
1.9699311774159657e-05,160.0
1.036565960899291e-05,160.11111111111111
1.6828078011505373e-05,160.2222222222222
1.1871575170596628e-05,160.33333333333331
1.1001332315242168e-05,160.44444444444443
8.22333188683188e-06,160.55555555555554
1.6004716978420334e-05,160.66666666666666
1.8220441369608046e-05,160.77777777777777
1.6809623008721456e-05,160.88888888888889
1.2459957944001653e-05,161.0
1.2504554645148426e-05,161.11111111111111
8.492501695362357e-06,161.2222222222222
1.4445315001639852e-05,161.33333333333331
3.024952849906419e-05,161.44444444444443
6.384193246187241e-06,161.55555555555554
2.1293829109466674e-05,161.66666666666666
8.471233362163402e-06,161.77777777777777
2.173471879128316e-05,161.88888888888889
2.2391994496576527e-05,162.0
2.601993647190599e-05,162.11111111111111
4.274486413321667e-06,162.2222222222222
1.5586863236305943e-05,162.33333333333331
2.0355827004175723e-05,162.44444444444443
5.170066549884725e-06,162.55555555555554
2.2646622159393777e-06,162.66666666666666
1.784478422488601e-05,162.77777777777777
2.674823184336359e-05,162.88888888888889
1.2341827448969897e-05,163.0
1.2852746243054443e-05,163.11111111111111
1.0930756245172486e-05,163.2222222222222
1.2495734037964826e-05,163.33333333333331
2.016329135170031e-05,163.44444444444443
8.698272773345617e-06,163.55555555555554
6.800876600239318e-06,163.66666666666666
1.9242616081239233e-05,163.77777777777777
1.1400313271131139e-05,163.88888888888889
1.1777353111684038e-05,164.0
2.6180782857590687e-05,164.11111111111111
3.232479870978445e-05,164.2222222222222
3.2063713861928513e-06,164.33333333333331
1.3526837971025645e-05,164.44444444444443
5.519949130863866e-06,164.55555555555554
1.4813573107239056e-05,164.66666666666666
1.5429383876680827e-05,164.77777777777777
5.9363962986237605e-06,164.88888888888889
2.6904656830898535e-05,165.0
3.2324217948863952e-06,165.11111111111111
1.0840138217160571e-05,165.2222222222222
1.1382018135500079e-05,165.33333333333331
1.2718658209975601e-05,165.44444444444443
1.2261797711036295e-05,165.55555555555554
1.2224260012360973e-05,165.66666666666666
1.1879037991655968e-05,165.77777777777777
9.699418622691867e-06,165.88888888888889
1.2175278301090768e-05,166.0
2.0888049158897948e-05,166.11111111111111
6.851322251750077e-06,166.2222222222222
6.0732565439426125e-06,166.33333333333331
2.797741481834919e-05,166.44444444444443
1.045191930363047e-05,166.55555555555554
9.11111111116605e-06,166.66666666666666
2.964828488264273e-05,166.77777777777777
6.6595748021656775e-06,166.88888888888889
2.2507853482457204e-05,167.0
1.0073916754603676e-05,167.11111111111111
7.045808448932061e-06,167.2222222222222
1.0006093640197273e-05,167.33333333333331
7.328704328888947e-06,167.44444444444443
3.0219740407809627e-05,167.55555555555554
3.745007392676144e-05,167.66666666666666
2.5341340855117657e-05,167.77777777777777
1.564298171873313e-05,167.88888888888889
1.5010740140040458e-05,168.0
6.947964612494096e-06,168.11111111111111
6.224554641586424e-07,168.2222222222222
3.89898720553545e-05,168.33333333333331
1.3454511842261873e-05,168.44444444444443
2.0979570385559744e-05,168.55555555555554
1.2875472092880504e-05,168.66666666666666
2.5061180663288304e-05,168.77777777777777
9.847641979837003e-06,168.88888888888889
2.692350499606684e-05,169.0
5.776033041900165e-06,169.11111111111111
5.639511128626529e-06,169.2222222222222
2.2382868480185056e-05,169.33333333333331
1.5928721052245144e-05,169.44444444444443
5.553418847444613e-06,169.55555555555554
1.1370656498252433e-05,169.66666666666666
1.1651657986326765e-05,169.77777777777777
1.0631582727743502e-05,169.88888888888889
7.677361449917497e-07,170.0
1.272418248183294e-05,170.11111111111111
2.4367533378383977e-05,170.2222222222222
1.9652519440776302e-05,170.33333333333331
2.5624095389132493e-05,170.44444444444443
6.398245730063448e-06,170.55555555555554
1.2667385691694115e-05,170.66666666666666
2.405764162008247e-05,170.77777777777777
8.339535333919398e-06,170.88888888888889
4.219054912756565e-06,171.0
1.3488224493480351e-05,171.11111111111111
1.4244560278351338e-05,171.2222222222222
9.7845712241038e-06,171.33333333333331
1.957188492487663e-05,171.44444444444443
2.442266162020786e-05,171.55555555555554
4.025341389290428e-06,171.66666666666666
7.102735003520831e-06,171.77777777777777
8.563432434627487e-06,171.88888888888889
5.378468484058468e-05,172.0
5.749333351619735e-06,172.11111111111111
1.482190808065377e-05,172.2222222222222
1.4880500204621064e-05,172.33333333333331
1.937095983219826e-05,172.44444444444443
1.2907155288497922e-05,172.55555555555554
1.3715554822843193e-05,172.66666666666666
1.1143978189818832e-05,172.77777777777777
7.740879824178235e-06,172.88888888888889
2.3954734823455334e-05,173.0
8.8368091521587e-06,173.11111111111111
5.360390957685886e-06,173.2222222222222
1.943728182759689e-05,173.33333333333331
3.257985662252465e-05,173.44444444444443
1.8254935496366412e-05,173.55555555555554
7.532128656855117e-06,173.66666666666666
2.4760905058683282e-05,173.77777777777777
2.4592038151839385e-05,173.88888888888889
1.568976387682447e-05,174.0
2.21591195695612e-05,174.11111111111111
2.196275650766634e-05,174.2222222222222
2.2010515116593285e-05,174.33333333333331
2.1152232539245133e-05,174.44444444444443
1.0973091640672869e-05,174.55555555555554
8.46111413064236e-06,174.66666666666666
2.1958783649998384e-06,174.77777777777777
1.4372291992170606e-05,174.88888888888889
1.8192966470059806e-05,175.0
2.3796948245247525e-05,175.11111111111111
2.7934542609941286e-05,175.2222222222222
9.433421380911918e-06,175.33333333333331
2.826147453447374e-05,175.44444444444443
1.243210246028634e-05,175.55555555555554
1.3671196777541285e-05,175.66666666666666
1.6562149587209635e-05,175.77777777777777
1.5920602655130735e-05,175.88888888888889
7.42280119265853e-06,176.0
1.6344319878302375e-05,176.11111111111111
2.9043653866988023e-05,176.2222222222222
2.035248792875115e-05,176.33333333333331
1.9564485492527058e-05,176.44444444444443
5.509809541567707e-06,176.55555555555554
1.7372758953063728e-05,176.66666666666666
1.2871195383377841e-05,176.77777777777777
1.3412623040806187e-05,176.88888888888889
2.774890902426859e-05,177.0
1.8958787899451086e-05,177.11111111111111
1.4827187753621089e-05,177.2222222222222
2.1041909635752522e-05,177.33333333333331
1.855422922261723e-05,177.44444444444443
1.1451318761097136e-05,177.55555555555554
2.0462306333745342e-05,177.66666666666666
1.2611725280996177e-05,177.77777777777777
1.0488801752374047e-05,177.88888888888889
6.553738534653051e-06,178.0
2.696727700509703e-06,178.11111111111111
2.4623715509683218e-05,178.2222222222222
1.926550623877875e-05,178.33333333333331
1.3545228454793853e-05,178.44444444444443
2.2515966733999942e-06,178.55555555555554
2.8703817728266976e-05,178.66666666666666
7.096544308300817e-06,178.77777777777777
1.9303625229566306e-05,178.88888888888889
1.2040328709393978e-05,179.0
1.7836047181664673e-05,179.11111111111111
2.6606488569225403e-05,179.2222222222222
2.4315033559679074e-05,179.33333333333331
1.6715124435560087e-05,179.44444444444443
8.331052765110722e-06,179.55555555555554
2.65240169858127e-06,179.66666666666666
1.9023947441971934e-05,179.77777777777777
1.822956300001505e-05,179.88888888888889
2.3278364529490797e-05,180.0
3.909997719582865e-06,180.11111111111111
3.062725691367178e-05,180.2222222222222
9.37191017002301e-06,180.33333333333331
9.532787655226115e-06,180.44444444444443
2.595344211347898e-06,180.55555555555554
5.099988768117425e-06,180.66666666666666
1.5275175166807744e-05,180.77777777777777
8.93610951200089e-06,180.88888888888889
1.0702560575994754e-05,181.0
2.382318314985563e-05,181.11111111111111
7.238684975990479e-06,181.2222222222222
2.11642254816062e-06,181.33333333333331
1.599256037635986e-05,181.44444444444443
1.7955949517919247e-05,181.55555555555554
1.835846795949506e-05,181.66666666666666
1.1319041216830299e-05,181.77777777777777
2.4300511414735814e-05,181.88888888888889
1.5878396614947095e-05,182.0
1.7577077956953004e-05,182.11111111111111
2.5380953854292034e-05,182.2222222222222
2.534823898959923e-06,182.33333333333331
2.0989489300851445e-05,182.44444444444443
1.0102544564775668e-05,182.55555555555554
1.3635858326235105e-05,182.66666666666666
1.3501547213332157e-05,182.77777777777777
9.56527579126717e-06,182.88888888888889
1.3262634821188512e-05,183.0
1.1889783949381491e-05,183.11111111111111
1.2776725030940924e-05,183.2222222222222
2.474556027308626e-05,183.33333333333331
9.355258453274879e-06,183.44444444444443
2.0267845357272892e-05,183.55555555555554
2.1515855390919067e-05,183.66666666666666
6.358311789880373e-06,183.77777777777777
3.7200428743499536e-06,183.88888888888889
2.1266369075107474e-05,184.0
7.030015869043358e-06,184.11111111111111
2.2248127604117405e-05,184.2222222222222
3.0137252364150932e-05,184.33333333333331
1.0137363268121204e-05,184.44444444444443
2.8862277301048246e-06,184.55555555555554
9.163347199793059e-06,184.66666666666666
1.0702633201052904e-05,184.77777777777777
1.6188768175793688e-05,184.88888888888889
2.246819604409083e-06,185.0
1.8431517539977935e-05,185.11111111111111
8.953667671714925e-06,185.2222222222222
1.437379643122442e-05,185.33333333333331
3.26903766511098e-05,185.44444444444443
2.8717492733793386e-05,185.55555555555554
6.365308889775422e-06,185.66666666666666
1.3233455571308056e-05,185.77777777777777
1.4436295632018884e-05,185.88888888888889
8.004501991825146e-06,186.0
1.651787181562707e-05,186.11111111111111
1.0659472921240591e-05,186.2222222222222
1.4747946870357338e-05,186.33333333333331
2.0921091761791703e-05,186.44444444444443
1.0156157302215613e-05,186.55555555555554
3.195616828649968e-05,186.66666666666666
3.260221480302981e-06,186.77777777777777
1.4347496675229609e-05,186.88888888888889
1.0157575605655455e-05,187.0
1.6148016652503102e-05,187.11111111111111
1.2373031100911538e-05,187.2222222222222
5.938276766584255e-06,187.33333333333331
1.8282869443574698e-05,187.44444444444443
2.350962910928974e-05,187.55555555555554
4.785780502040236e-06,187.66666666666666
4.213414282491776e-06,187.77777777777777
3.7154052872243866e-05,187.88888888888889
4.694583702098424e-06,188.0
1.1230008834031296e-05,188.11111111111111
2.3176248149774092e-05,188.2222222222222
1.6168812996794362e-05,188.33333333333331
1.4801042960387178e-05,188.44444444444443
5.699098112215431e-06,188.55555555555554
1.3894860010780541e-05,188.66666666666666
1.4458963010104502e-05,188.77777777777777
2.4245728759432645e-05,188.88888888888889
7.119912031303558e-06,189.0
1.8804446618050494e-05,189.11111111111111
2.5161580473551874e-05,189.2222222222222
2.133060857785504e-05,189.33333333333331
2.5181904867360008e-05,189.44444444444443
1.7549497424074418e-05,189.55555555555554
1.8686221404674576e-05,189.66666666666666
1.956517452281797e-05,189.77777777777777
2.049518089974772e-05,189.88888888888889
2.2879032026080954e-05,190.0
1.648547340197777e-05,190.11111111111111
8.098346258463746e-06,190.2222222222222
3.3965101809914115e-06,190.33333333333331
2.2794366260924288e-05,190.44444444444443
9.448167910930489e-06,190.55555555555554
8.488320851521513e-06,190.66666666666666
2.1310137195375673e-05,190.77777777777777
1.2706054891659665e-05,190.88888888888889
2.754735004520634e-05,191.0
2.062655762036118e-05,191.11111111111111
6.7466075164963635e-06,191.2222222222222
9.562325280398827e-06,191.33333333333331
1.7205549830817156e-05,191.44444444444443
3.6078355787862055e-06,191.55555555555554
7.004591319217308e-06,191.66666666666666
2.0000529293440445e-05,191.77777777777777
2.0152994915057193e-05,191.88888888888889
3.027853739528702e-05,192.0
1.3435984986235276e-05,192.11111111111111
6.375836280735287e-06,192.2222222222222
5.488679725518651e-06,192.33333333333331
1.2463661897774074e-05,192.44444444444443
2.3576927576232443e-05,192.55555555555554
6.42807788076928e-06,192.66666666666666
7.538593920173004e-06,192.77777777777777
8.119738092935833e-06,192.88888888888889
1.3050380296530261e-05,193.0
2.4578281689245766e-05,193.11111111111111
1.735746161111126e-05,193.2222222222222
7.189547924719315e-06,193.33333333333331
2.36765828442232e-05,193.44444444444443
1.0509753021185206e-05,193.55555555555554
1.5061094047410488e-05,193.66666666666666
2.2228038490020332e-05,193.77777777777777
1.2758793955128978e-05,193.88888888888889
3.220335947599863e-05,194.0
5.522721346479132e-06,194.11111111111111
1.1741818931238696e-05,194.2222222222222
8.56090825813516e-06,194.33333333333331
1.4195457685227468e-05,194.44444444444443
1.3281950643421444e-05,194.55555555555554
2.3248932503680035e-05,194.66666666666666
5.552182987717158e-06,194.77777777777777
2.036369236867851e-05,194.88888888888889
5.800347959765797e-06,195.0
3.124405312061603e-05,195.11111111111111
1.753290776471286e-05,195.2222222222222
3.461097346967449e-05,195.33333333333331
1.315732203889204e-05,195.44444444444443
1.4858462580064528e-05,195.55555555555554
5.8607586615343394e-06,195.66666666666666
1.149868722016253e-05,195.77777777777777
5.307459880791928e-06,195.88888888888889
9.629774464528387e-06,196.0
1.3780566891932688e-05,196.11111111111111
9.302531557345375e-06,196.2222222222222
1.4337778331414968e-05,196.33333333333331
1.5634566994542964e-05,196.44444444444443
1.6621207254670598e-05,196.55555555555554
1.0203339166928558e-05,196.66666666666666
7.978550473624754e-06,196.77777777777777
8.747060737017591e-06,196.88888888888889
1.1644549880214239e-05,197.0
3.531726215727414e-06,197.11111111111111
6.034584603785565e-06,197.2222222222222
1.79217209206895e-05,197.33333333333331
1.2997876978112964e-05,197.44444444444443
1.581858717593025e-05,197.55555555555554
1.504345180630036e-05,197.66666666666666
4.564264690053583e-06,197.77777777777777
9.503197105862223e-06,197.88888888888889
2.7211642712655155e-05,198.0
2.545356645772297e-05,198.11111111111111
2.3995914968807896e-05,198.2222222222222
1.0864863990371942e-05,198.33333333333331
2.1995464859976906e-05,198.44444444444443
1.5292860730676202e-05,198.55555555555554
8.979450951011433e-06,198.66666666666666
1.2241749643929568e-05,198.77777777777777
1.8329390867960828e-05,198.88888888888889
9.515926750878546e-06,199.0
1.9869942664918654e-05,199.1111111111111
2.8532007933288175e-05,199.2222222222222
2.3408413189354334e-05,199.33333333333331
7.284211142412189e-06,199.44444444444443
1.3562903892274366e-05,199.55555555555554
1.225825108631674e-05,199.66666666666666
7.3463581538691776e-06,199.77777777777777
1.9916112125407507e-05,199.88888888888889
1.4279338617819907e-05,200.0
1.2214940355626219e-05,200.1111111111111
1.6760731695256642e-05,200.2222222222222
6.3255528062598665e-06,200.33333333333331
1.927241833315954e-05,200.44444444444443
1.6065764858747016e-05,200.55555555555554
1.1426006632900774e-05,200.66666666666666
1.534079574707042e-05,200.77777777777777
4.819473934886754e-06,200.88888888888889
6.085737842628186e-06,201.0
2.7371560056441533e-05,201.1111111111111
3.17618244901269e-05,201.2222222222222
2.142827144385339e-05,201.33333333333331
2.5413270564223395e-05,201.44444444444443
1.3731451920984146e-05,201.55555555555554
1.8640091204010335e-05,201.66666666666666
9.595574166758626e-06,201.77777777777777
1.4611901534254879e-05,201.88888888888889
7.48238410569775e-06,202.0
1.8141557011289186e-05,202.1111111111111
1.3222381798782271e-05,202.2222222222222
3.4047349296077412e-06,202.33333333333331
2.748505756452379e-05,202.44444444444443
3.2914289134481436e-05,202.55555555555554
7.717376383573669e-06,202.66666666666666
1.9371194149301445e-05,202.77777777777777
1.6145270771371845e-05,202.88888888888889
1.3140066984052639e-05,203.0
8.366921103435017e-06,203.1111111111111
1.6863916915711815e-05,203.2222222222222
1.6615333361563176e-05,203.33333333333331
1.828075785090056e-05,203.44444444444443
1.156036303192464e-05,203.55555555555554
7.3768358077137085e-06,203.66666666666666
4.99338519290687e-06,203.77777777777777
2.4072614533345305e-05,203.88888888888889
1.4511389421217978e-05,204.0
2.3841747234498003e-05,204.1111111111111
1.1866332572982338e-05,204.2222222222222
8.144441178337796e-06,204.33333333333331
5.423853149894554e-06,204.44444444444443
1.0585213796727846e-05,204.55555555555554
5.290367094878454e-06,204.66666666666666
1.1348399162141573e-05,204.77777777777777
9.7062803050318e-06,204.88888888888889
1.5118136857181627e-05,205.0
1.920357084078295e-05,205.1111111111111
1.2333136683699614e-05,205.2222222222222
9.78342726585187e-06,205.33333333333331
1.528796355111446e-05,205.44444444444443
1.505970046191977e-05,205.55555555555554
1.7050967884458908e-05,205.66666666666666
2.499056289043916e-05,205.77777777777777
2.7703157296371694e-05,205.88888888888889
1.5766319440274733e-05,206.0
1.8232463391599263e-05,206.1111111111111
2.3361140662398842e-05,206.2222222222222
1.1747235790309393e-05,206.33333333333331
1.3133322191137882e-05,206.44444444444443
1.090351903771967e-05,206.55555555555554
2.039592960465093e-05,206.66666666666666
2.667653153479592e-06,206.77777777777777
1.1351524982958657e-05,206.88888888888889
7.31030241800835e-06,207.0
8.156725496952752e-06,207.1111111111111
1.243278445966987e-05,207.2222222222222
1.6837727230251863e-05,207.33333333333331
1.0087803707553684e-05,207.44444444444443
2.7620920296296783e-05,207.55555555555554
1.2449222058374505e-05,207.66666666666666
1.0470341382342707e-06,207.77777777777777
1.2209217424552752e-05,207.88888888888889
2.514182059948024e-05,208.0
4.459512625464345e-06,208.1111111111111
8.186705870767098e-06,208.2222222222222
1.632135216281287e-05,208.33333333333331
2.6354211151399326e-05,208.44444444444443
2.3559360196575114e-05,208.55555555555554
1.514414564811349e-05,208.66666666666666
1.7430893147334714e-05,208.77777777777777
1.2668742242053886e-05,208.88888888888889
9.138952289406088e-06,209.0
6.457296211467165e-06,209.1111111111111
1.3236452595090805e-05,209.2222222222222
2.8945752020979334e-05,209.33333333333331
1.294348909233596e-05,209.44444444444443
1.2051129678408828e-05,209.55555555555554
2.0135027417110767e-05,209.66666666666666
1.6646384351714565e-05,209.77777777777777
2.248833523681842e-05,209.88888888888889
2.9063980437188904e-05,210.0
5.893938648970213e-06,210.1111111111111
1.3095016069511501e-05,210.2222222222222
1.9264842899278706e-05,210.33333333333331
1.529259808807462e-05,210.44444444444443
4.3533708347010955e-06,210.55555555555554
2.233237361359571e-05,210.66666666666666
9.109791362185157e-06,210.77777777777777
2.443183153849182e-05,210.88888888888889
6.7447642590759274e-06,211.0
1.8521108220229257e-05,211.1111111111111
2.1412529229887742e-05,211.2222222222222
2.979757311297765e-05,211.33333333333331
2.3404068021810493e-05,211.44444444444443
8.841349220490925e-06,211.55555555555554
2.6048440502217875e-05,211.66666666666666
8.537464151489897e-06,211.77777777777777
1.682619499012931e-05,211.88888888888889
1.7980060356658887e-05,212.0
3.96426765865938e-06,212.1111111111111
1.421484745549882e-05,212.2222222222222
1.5707237497736288e-05,212.33333333333331
2.8475826369566313e-05,212.44444444444443
1.5509504602183924e-05,212.55555555555554
5.210329608101395e-06,212.66666666666666
2.0421810609650275e-05,212.77777777777777
1.619284690165144e-05,212.88888888888889
9.174192988777129e-06,213.0
6.493883030221857e-06,213.1111111111111
3.242990846025141e-05,213.2222222222222
3.133183818158747e-06,213.33333333333331
1.78067783823024e-05,213.44444444444443
8.798975672647817e-06,213.55555555555554
1.3312584653434671e-05,213.66666666666666
1.2212306925286694e-05,213.77777777777777
3.827345975871965e-06,213.88888888888889
7.1672087021192396e-06,214.0
1.9352232928020554e-05,214.1111111111111
7.672739852478378e-06,214.2222222222222
2.216836178597889e-05,214.33333333333331
8.477747514131744e-06,214.44444444444443
9.469912989099272e-06,214.55555555555554
1.5597466106456142e-05,214.66666666666666
1.2873697404718136e-05,214.77777777777777
1.359575640496313e-05,214.88888888888889
1.4659281977968103e-05,215.0
1.0601560117524415e-05,215.1111111111111
2.9881838241794384e-05,215.2222222222222
3.7193806791666993e-06,215.33333333333331
4.532731750373619e-06,215.44444444444443
7.819306393523408e-06,215.55555555555554
1.8128832417460587e-05,215.66666666666666
1.7472689966920116e-05,215.77777777777777
1.346577376934506e-05,215.88888888888889
1.3679193588695087e-05,216.0
1.5617174855257535e-05,216.1111111111111
1.5906400941827004e-05,216.2222222222222
1.7365911803043815e-05,216.33333333333331
1.4491712853748873e-05,216.44444444444443
1.930693239323376e-05,216.55555555555554
2.3074690821955385e-05,216.66666666666666
5.463176499168868e-06,216.77777777777777
3.740417237854413e-05,216.88888888888889
1.07005497019195e-05,217.0
5.948509096931183e-06,217.1111111111111
1.3778833037533822e-05,217.2222222222222
2.1410159232865944e-05,217.33333333333331
3.7761317634020695e-05,217.44444444444443
1.2300002247666373e-06,217.55555555555554
3.478690133534091e-05,217.66666666666666
2.4185163440015705e-05,217.77777777777777
6.916862052050215e-06,217.88888888888889
8.115905700179459e-06,218.0
2.08462757816767e-05,218.1111111111111
2.5287000831260313e-05,218.2222222222222
1.4478987472140267e-05,218.33333333333331
1.0578899451791304e-05,218.44444444444443
1.280155558505691e-05,218.55555555555554
2.490999694145058e-05,218.66666666666666
1.968254749414393e-05,218.77777777777777
1.0357718135808455e-05,218.88888888888889
9.175189911724338e-06,219.0
1.61587695530223e-05,219.1111111111111
2.0178119278074602e-05,219.2222222222222
2.787720131263034e-05,219.33333333333331
7.587186284947172e-06,219.44444444444443
2.6331601881000256e-05,219.55555555555554
1.875052054911853e-05,219.66666666666666
1.9437441440570208e-05,219.77777777777777
2.60553388943954e-05,219.88888888888889
6.121659987759704e-06,220.0
1.7000152183702008e-05,220.1111111111111
1.1958834602343322e-05,220.2222222222222
1.375463788243754e-05,220.33333333333331
1.677295813461092e-05,220.44444444444443
1.0830998804031214e-05,220.55555555555554
1.4536479298793067e-05,220.66666666666666
1.5182972381553642e-05,220.77777777777777
1.7246565903287505e-05,220.88888888888889
1.1260978043919901e-05,221.0
1.8063159029586012e-05,221.1111111111111
2.6291888452351662e-06,221.2222222222222
9.26040078089882e-06,221.33333333333331
1.3394256637486828e-05,221.44444444444443
1.6536805062344814e-05,221.55555555555554
3.5920386797226e-05,221.66666666666666
1.5044409906401322e-06,221.77777777777777
1.2920648494693971e-05,221.88888888888889
6.928842970696036e-06,222.0
1.3221603058619614e-05,222.1111111111111
1.1612237252393402e-05,222.2222222222222
6.344876257360666e-06,222.33333333333331
2.9665595205930758e-06,222.44444444444443
4.3523403273350575e-06,222.55555555555554
1.977012176309571e-05,222.66666666666666
1.5369243692366706e-05,222.77777777777777
4.214679447542305e-06,222.88888888888889
1.83409067056078e-05,223.0
1.752886461983875e-05,223.1111111111111
1.6141236702614754e-05,223.2222222222222
1.8061086812384306e-05,223.33333333333331
2.4737865964937118e-05,223.44444444444443
5.818387601325929e-06,223.55555555555554
2.5832782702418763e-05,223.66666666666666
1.6062178320122675e-05,223.77777777777777
1.564108141430421e-05,223.88888888888889
1.2365617313676384e-05,224.0
1.2070273175639615e-05,224.1111111111111
1.2344045066902147e-05,224.2222222222222
1.503717187285124e-05,224.33333333333331
1.771257089558729e-05,224.44444444444443
1.5127167886548563e-05,224.55555555555554
1.89426471491954e-05,224.66666666666666
1.3101274474282448e-05,224.77777777777777
1.792893144981011e-05,224.88888888888889
9.611543636597124e-06,225.0
8.29484063818079e-06,225.1111111111111
1.750326057843734e-05,225.2222222222222
1.8551831207786722e-05,225.33333333333331
1.8723604255987325e-05,225.44444444444443
1.934274148557068e-05,225.55555555555554
8.914005938900027e-06,225.66666666666666
1.4901683396679978e-05,225.77777777777777
2.3350386398290665e-05,225.88888888888889
2.3337936530348464e-05,226.0
1.6716272546570013e-05,226.1111111111111
1.95045703511029e-05,226.2222222222222
9.77681722566376e-06,226.33333333333331
2.3664087342888163e-05,226.44444444444443
7.4041189894555285e-06,226.55555555555554
2.2008090227845364e-05,226.66666666666666
2.3955594760431057e-05,226.77777777777777
6.5239774313717396e-06,226.88888888888889
1.4306155085152284e-05,227.0
1.0430495879095507e-05,227.1111111111111
4.607229589336266e-06,227.2222222222222
1.1620247588120359e-05,227.33333333333331
1.8182017970694712e-05,227.44444444444443
2.3258461231431134e-05,227.55555555555554
3.3712453195087074e-05,227.66666666666666
2.221175135705807e-05,227.77777777777777
2.3381631239789794e-05,227.88888888888889
9.142424070959482e-06,228.0
1.033051510997503e-05,228.1111111111111
1.2302846708692793e-05,228.2222222222222
6.072161365855923e-06,228.33333333333331
6.805174533411674e-06,228.44444444444443
2.301490008987412e-05,228.55555555555554
1.421754082570786e-05,228.66666666666666
1.2887950130802412e-05,228.77777777777777
1.925583008459621e-05,228.88888888888889
1.0502150435094812e-05,229.0
1.655306689029158e-05,229.1111111111111
7.869470030817216e-06,229.2222222222222
1.934739386273431e-05,229.33333333333331
2.7424476795866068e-05,229.44444444444443
2.312803674890552e-05,229.55555555555554
2.5326593885640455e-05,229.66666666666666
2.9412771540385494e-06,229.77777777777777
2.0291533214472097e-05,229.88888888888889
1.0738411123891134e-05,230.0
6.161053953952168e-06,230.1111111111111
6.00151290138365e-06,230.2222222222222
1.8483913453791352e-05,230.33333333333331
2.868844941790931e-05,230.44444444444443
9.796176251949305e-06,230.55555555555554
1.5421516308542676e-06,230.66666666666666
1.6064089251883022e-05,230.77777777777777
2.0079336594343843e-05,230.88888888888889
2.6267412297803974e-06,231.0
1.928678599919574e-05,231.1111111111111
1.0428091521366848e-06,231.2222222222222
9.73694769046403e-06,231.33333333333331
1.616207758396608e-05,231.44444444444443
1.2704904404786068e-05,231.55555555555554
2.0570509745740106e-05,231.66666666666666
1.2517944747097848e-05,231.77777777777777
2.7574167533954907e-05,231.88888888888889
2.3185510914706507e-05,232.0
7.63444111151341e-06,232.1111111111111
2.064520360958906e-06,232.2222222222222
1.8943936215964953e-05,232.33333333333331
4.228948698630762e-06,232.44444444444443
6.024085806461886e-06,232.55555555555554
1.493879487252881e-05,232.66666666666666
1.0191694655044224e-05,232.77777777777777
3.825243360821814e-06,232.88888888888889
1.6876902719742682e-05,233.0
3.9580252186421965e-06,233.1111111111111
2.6909906123256993e-05,233.2222222222222
4.524299239384828e-05,233.33333333333331
8.60423474332349e-06,233.44444444444443
8.971360575063206e-06,233.55555555555554
1.0407470016735084e-05,233.66666666666666
1.3580576825361012e-05,233.77777777777777
6.111673068827831e-06,233.88888888888889
4.663698597048322e-06,234.0
5.599341657748133e-06,234.1111111111111
2.5946680787804496e-05,234.2222222222222
7.5393751900415675e-06,234.33333333333331
3.8531518186455226e-05,234.44444444444443
1.7774834481524377e-05,234.55555555555554
1.4730908772348799e-05,234.66666666666666
1.0819052809541417e-05,234.77777777777777
1.8071281920686188e-05,234.88888888888889
1.323288323493697e-05,235.0
1.224965471605276e-05,235.1111111111111
1.7077416282105855e-05,235.2222222222222
1.4521331804603008e-05,235.33333333333331
1.791151962229459e-05,235.44444444444443
1.1685496790110128e-05,235.55555555555554
1.8616454673629702e-05,235.66666666666666
2.0062171983276316e-05,235.77777777777777
2.9956979459420012e-05,235.88888888888889
2.6407603778819523e-05,236.0
6.372012662036346e-06,236.1111111111111
2.625302375488367e-05,236.2222222222222
2.6557897066051498e-05,236.33333333333331
1.374870801072014e-05,236.44444444444443
8.701667226726342e-06,236.55555555555554
1.5018871706522858e-05,236.66666666666666
1.515640434805339e-05,236.77777777777777
6.132218353630367e-06,236.88888888888889
1.7540651287277044e-05,237.0
4.1116988030228165e-06,237.1111111111111
2.5193949862756617e-05,237.2222222222222
5.0901271947900005e-06,237.33333333333331
1.562271548616275e-05,237.44444444444443
1.6517292576149032e-05,237.55555555555554
2.3847908304934298e-05,237.66666666666666
2.4844882698279353e-05,237.77777777777777
1.3599673599657221e-05,237.88888888888889
3.0610497414084504e-05,238.0
1.4967309057123927e-05,238.1111111111111
3.505388757062506e-05,238.2222222222222
1.2916667365144461e-05,238.33333333333331
9.839559733843134e-06,238.44444444444443
1.3326887457779736e-05,238.55555555555554
8.715226450952627e-06,238.66666666666666
6.250551307494245e-06,238.77777777777777
1.0804263970265563e-05,238.88888888888889
1.4941382778773077e-05,239.0
3.2546296000722167e-06,239.1111111111111
1.4585281658455345e-05,239.2222222222222
3.286852141297175e-05,239.33333333333331
1.1630016202815228e-05,239.44444444444443
8.425067563943896e-06,239.55555555555554
1.3786660547189642e-05,239.66666666666666
3.4212157079656674e-06,239.77777777777777
1.9542389407242448e-05,239.88888888888889
2.0348702477880128e-05,240.0
7.931940409496078e-06,240.1111111111111
2.230032372091343e-05,240.2222222222222
6.240428692686445e-06,240.33333333333331
9.20208452263554e-06,240.44444444444443
1.8071736320384883e-05,240.55555555555554
1.0691702784932051e-05,240.66666666666666
2.048782881527607e-05,240.77777777777777
8.346162982885554e-06,240.88888888888889
1.4928710549112958e-05,241.0
1.1622439619884677e-05,241.1111111111111
1.097787039869039e-05,241.2222222222222
6.684820431719991e-06,241.33333333333331
2.6960769398333072e-05,241.44444444444443
1.061197449819616e-05,241.55555555555554
1.5884448564731314e-05,241.66666666666666
1.2018112472014738e-05,241.77777777777777
1.147804685383193e-05,241.88888888888889
1.840855186202223e-05,242.0
1.9752005036260085e-05,242.1111111111111
1.4741613706506658e-05,242.2222222222222
1.8823808709028613e-05,242.33333333333331
1.7084542365833164e-05,242.44444444444443
3.462951927614837e-06,242.55555555555554
1.3035301224152946e-05,242.66666666666666
1.5908260677227722e-05,242.77777777777777
4.544105216647672e-06,242.88888888888889
2.70601012159851e-05,243.0
9.963888699771557e-06,243.1111111111111
1.802047136693935e-05,243.2222222222222
3.256031039280121e-05,243.33333333333331
1.2042803917800157e-05,243.44444444444443
1.8313900294538798e-05,243.55555555555554
1.7557408905338874e-05,243.66666666666666
1.8230789711427572e-05,243.77777777777777
7.390022482380826e-06,243.88888888888889
9.183990812632015e-06,244.0
1.1914155740473262e-05,244.1111111111111
1.2089897279237265e-05,244.2222222222222
1.1799550353930687e-05,244.33333333333331
2.5901670680128037e-05,244.44444444444443
1.3171674216625176e-05,244.55555555555554
2.017840226725795e-05,244.66666666666666
1.1627633962668837e-05,244.77777777777777
1.5135311536236526e-05,244.88888888888889
2.831696520058654e-06,245.0
1.5169199392857882e-05,245.1111111111111
1.8357917242916644e-05,245.2222222222222
1.9396572418965305e-05,245.33333333333331
1.0821019437404079e-05,245.44444444444443
1.2801932011840346e-05,245.55555555555554
6.651219802646718e-06,245.66666666666666
1.1868376909887733e-05,245.77777777777777
1.1741384384816248e-05,245.88888888888889
1.2407864402282195e-05,246.0
1.1670636294799466e-05,246.1111111111111
1.082011791317782e-05,246.2222222222222
9.458915132345889e-06,246.33333333333331
9.071080774794175e-06,246.44444444444443
1.5070197246205156e-05,246.55555555555554
1.549918735743185e-05,246.66666666666666
2.3170296296748205e-05,246.77777777777777
2.4723706966566127e-05,246.88888888888889
2.0666399580128054e-05,247.0
1.7632728205508704e-05,247.1111111111111
9.940978419907007e-06,247.2222222222222
2.0786906576129983e-05,247.33333333333331
9.56384485898573e-06,247.44444444444443
1.8906873458442637e-05,247.55555555555554
1.094831842714348e-05,247.66666666666666
1.5262274756216938e-05,247.77777777777777
1.089173683575704e-05,247.88888888888889
3.972473791662477e-06,248.0
1.5662965755612386e-05,248.1111111111111
3.120719654167432e-05,248.2222222222222
4.2174091018214985e-05,248.33333333333331
2.828742246240689e-05,248.44444444444443
1.428754871954189e-05,248.55555555555554
6.449959232250912e-07,248.66666666666666
1.7383481751456564e-05,248.77777777777777
2.4039512237198877e-05,248.88888888888889
2.107416651853795e-05,249.0
1.4601367567574039e-05,249.1111111111111
8.606183923834574e-06,249.2222222222222
1.8910471742715007e-05,249.33333333333331
1.1263231506263612e-05,249.44444444444443
2.3143533315666035e-05,249.55555555555554
1.4050349681349084e-05,249.66666666666666
1.022281497457757e-05,249.77777777777777
2.4915163758955965e-05,249.88888888888889
8.15286058993748e-06,250.0
6.60335482810502e-06,250.1111111111111
1.4805500125250219e-05,250.2222222222222
1.2597823922348214e-05,250.33333333333331
8.190807886787363e-06,250.44444444444443
1.4570865154235852e-05,250.55555555555554
1.5322906904486082e-05,250.66666666666666
1.5832652112397945e-05,250.77777777777777
8.662674583546047e-06,250.88888888888889
2.329668647657648e-05,251.0
1.9287824113860213e-05,251.1111111111111
1.321984272526138e-05,251.2222222222222
2.6006661258381064e-05,251.33333333333331
1.241775328903257e-05,251.44444444444443
3.7975314410097257e-06,251.55555555555554
1.4172751726114056e-05,251.66666666666666
3.31245900407048e-06,251.77777777777777
2.9551550566107846e-06,251.88888888888889
1.3865284095816083e-05,252.0
6.9158992246687264e-06,252.1111111111111
3.617406604816891e-06,252.2222222222222
7.610765911845312e-06,252.33333333333331
3.1271201512127615e-05,252.44444444444443
1.567803734587914e-05,252.55555555555554
2.6775986259893927e-05,252.66666666666666
1.3376675220287398e-05,252.77777777777777
1.094210217803588e-05,252.88888888888889
7.169698634705824e-06,253.0
1.6822264987566364e-05,253.1111111111111
6.551173348055616e-06,253.2222222222222
2.745579746631221e-05,253.33333333333331
3.3716420332256834e-07,253.44444444444443
4.816739668511669e-06,253.55555555555554
1.7027927157865007e-05,253.66666666666666
1.6389299030907263e-05,253.77777777777777
1.4874965969623297e-05,253.88888888888889
4.693355359426531e-06,254.0
2.5022770008415298e-05,254.1111111111111
8.747983187712254e-06,254.2222222222222
2.5098243579922633e-05,254.33333333333331
1.5431739333530282e-05,254.44444444444443
6.771722513969872e-06,254.55555555555554
6.906912382140682e-06,254.66666666666666
1.771350225720548e-05,254.77777777777777
1.4736829580016561e-05,254.88888888888889
9.498169910502986e-06,255.0
3.0277075433102197e-05,255.1111111111111
1.2581036902671594e-05,255.2222222222222
1.3216224493430036e-05,255.33333333333331
9.254006884438598e-06,255.44444444444443
2.6743496472715882e-05,255.55555555555554
1.5155105884956039e-05,255.66666666666666
2.3223256975873006e-05,255.77777777777777
3.5199509811949422e-06,255.88888888888889
2.3311669056671438e-05,256.0
5.8038765764202564e-06,256.1111111111111
1.5276510047388877e-06,256.22222222222223
1.1857487298221035e-05,256.3333333333333
1.612788805038895e-05,256.44444444444446
2.4068274989386348e-05,256.55555555555554
2.709698860419552e-05,256.66666666666663
1.3265133211432546e-05,256.77777777777777
1.400722927228788e-05,256.88888888888886
2.6543199322668024e-05,257.0
1.2951157713455233e-05,257.1111111111111
1.1636261168030461e-05,257.22222222222223
1.451834592427447e-05,257.3333333333333
8.358929983238027e-06,257.44444444444446
8.681639913878948e-06,257.55555555555554
6.674024328359496e-06,257.66666666666663
1.6298895328705935e-05,257.77777777777777
1.2052947938861075e-05,257.88888888888886
1.1828868146356965e-05,258.0
2.4743248778665644e-05,258.1111111111111
1.7018521931936542e-05,258.22222222222223
6.510200933218117e-06,258.3333333333333
2.964265070052027e-05,258.44444444444446
2.314284964569405e-05,258.55555555555554
1.889797433991177e-05,258.66666666666663
6.7467852583083675e-06,258.77777777777777
1.0706763299699424e-05,258.88888888888886
6.172278318333455e-06,259.0
2.8835674208015416e-05,259.1111111111111
2.246620701340244e-05,259.22222222222223
6.3650786995567685e-06,259.3333333333333
9.76674242404545e-06,259.44444444444446
2.6289638632741103e-05,259.55555555555554
2.865179816410907e-05,259.66666666666663
3.6320515506331915e-05,259.77777777777777
1.9105964787381243e-05,259.88888888888886
1.0540819868915055e-05,260.0
1.212331349264068e-05,260.1111111111111
1.216885403563539e-05,260.22222222222223
1.2795297948117965e-05,260.3333333333333
3.760908725023334e-06,260.44444444444446
1.4965084884961705e-05,260.55555555555554
1.5059916792997663e-05,260.66666666666663
1.2315355182095457e-05,260.77777777777777
1.2375378832500647e-05,260.88888888888886
1.282515029679963e-05,261.0
7.762585133078683e-06,261.1111111111111
2.31100153241514e-05,261.22222222222223
1.8814919447592044e-05,261.3333333333333
1.5840207962076414e-05,261.44444444444446
1.2049074459277605e-05,261.55555555555554
4.457654851747693e-06,261.66666666666663
9.465401984145256e-06,261.77777777777777
2.0012388565752735e-05,261.88888888888886
3.8180811926486615e-06,262.0
7.2856979581975314e-06,262.1111111111111
1.9843918009493292e-05,262.22222222222223
1.5607062509319625e-05,262.3333333333333
2.4077430703537204e-05,262.44444444444446
3.2183174174434714e-06,262.55555555555554
1.6992628508005863e-05,262.66666666666663
1.6488517030537713e-05,262.77777777777777
2.4890639527112505e-05,262.88888888888886
1.1743445125412826e-05,263.0
1.6360348372627437e-05,263.1111111111111
1.3031785225119685e-05,263.22222222222223
6.037078472622982e-06,263.3333333333333
9.05873331583689e-06,263.44444444444446
1.4428086841901977e-05,263.55555555555554
1.725564607251092e-05,263.66666666666663
7.7191978529224e-06,263.77777777777777
1.5047563541756264e-05,263.88888888888886
1.540577265304386e-05,264.0
2.0142149157616625e-05,264.1111111111111
1.0614075975567536e-05,264.22222222222223
7.941968164209814e-06,264.3333333333333
2.7747195316811407e-05,264.44444444444446
7.768101167151022e-06,264.55555555555554
2.706204111200361e-05,264.66666666666663
1.7438646671455064e-05,264.77777777777777
1.2440479689572443e-05,264.88888888888886
1.4449685504162717e-05,265.0
2.6295273805434703e-05,265.1111111111111
1.2851271339338028e-05,265.22222222222223
2.1484988861476877e-05,265.3333333333333
1.5304796774678128e-05,265.44444444444446
5.836779674315285e-06,265.55555555555554
1.6544272224905547e-05,265.66666666666663
9.403396448743032e-06,265.77777777777777
2.1302590483913322e-05,265.88888888888886
7.675841982402103e-06,266.0
8.576457365894663e-06,266.1111111111111
1.514707059303847e-05,266.22222222222223
8.708468667394227e-06,266.3333333333333
1.0468173250565922e-05,266.44444444444446
2.117324786683358e-05,266.55555555555554
1.1125117703039927e-05,266.66666666666663
9.091898691193701e-06,266.77777777777777
2.1612442908822315e-06,266.88888888888886
1.0505234477688824e-05,267.0
1.2361096868445486e-05,267.1111111111111
3.209241457014677e-05,267.22222222222223
8.111986816594301e-06,267.3333333333333
1.1117417378112781e-05,267.44444444444446
1.1534028442825382e-05,267.55555555555554
1.7206526862404508e-05,267.66666666666663
2.3979052844510037e-05,267.77777777777777
1.4956588429965998e-05,267.88888888888886
7.725342860146618e-06,268.0
2.775150366921886e-05,268.1111111111111
1.5756949785100448e-05,268.22222222222223
1.0278668372528051e-05,268.3333333333333
2.1889239561784293e-05,268.44444444444446
1.6442967137965243e-05,268.55555555555554
1.5034664265822436e-05,268.66666666666663
1.5465994249992814e-05,268.77777777777777
3.7445380739209097e-06,268.88888888888886
5.049473888040222e-06,269.0
3.929342927054175e-06,269.1111111111111
6.712480032642982e-06,269.22222222222223
2.734454875482441e-05,269.3333333333333
1.8931778231650972e-05,269.44444444444446
1.20666921892592e-05,269.55555555555554
1.9322707407867204e-05,269.66666666666663
1.043515097713984e-05,269.77777777777777
8.634290168815458e-06,269.88888888888886
1.9459387558290678e-05,270.0
9.299978913647325e-06,270.1111111111111
1.3504426410540002e-05,270.22222222222223
8.137754258649164e-06,270.3333333333333
6.309653449709204e-06,270.44444444444446
7.761096374739194e-06,270.55555555555554
3.101831799568674e-05,270.66666666666663
9.305901259052983e-06,270.77777777777777
2.1751197841372766e-05,270.88888888888886
8.038208178193129e-06,271.0
1.4884719031598239e-05,271.1111111111111
1.891192693235939e-05,271.22222222222223
2.0036847757097157e-05,271.3333333333333
1.8305598593781071e-06,271.44444444444446
2.0425095312587065e-05,271.55555555555554
2.314508627903406e-05,271.66666666666663
1.631121599360056e-05,271.77777777777777
1.335499758051766e-05,271.88888888888886
1.3814162522356259e-05,272.0
1.9139596233429454e-05,272.1111111111111
1.2882241304728503e-05,272.22222222222223
1.2030663896675248e-05,272.3333333333333
1.0889075870076293e-05,272.44444444444446
1.1786238240723516e-05,272.55555555555554
8.288326997146699e-06,272.66666666666663
6.54688014649748e-06,272.77777777777777
1.4043849544390254e-05,272.88888888888886
4.346819498552201e-05,273.0
1.3422300859585517e-05,273.1111111111111
1.705222342681541e-05,273.22222222222223
9.12050194079776e-06,273.3333333333333
1.3017693641434436e-05,273.44444444444446
8.95575554982788e-06,273.55555555555554
2.093459862063783e-05,273.66666666666663
7.601058395410838e-07,273.77777777777777
8.371929735932783e-06,273.88888888888886
9.356537853819178e-06,274.0
2.335714057012159e-06,274.1111111111111
2.7448058384846286e-05,274.22222222222223
9.912394175590095e-06,274.3333333333333
1.0034102187902479e-05,274.44444444444446
1.0647607455836715e-05,274.55555555555554
2.7606622105945093e-05,274.66666666666663
1.0384410117784543e-05,274.77777777777777
1.5297505396529276e-05,274.88888888888886
2.0686013250240496e-05,275.0
1.4767645751624481e-05,275.1111111111111
1.0729539416040574e-05,275.22222222222223
1.4237881705127628e-05,275.3333333333333
5.965284858417598e-06,275.44444444444446
1.5086136036968378e-05,275.55555555555554
6.304199511063821e-06,275.66666666666663
4.873197181604224e-06,275.77777777777777
1.2774950555106568e-05,275.88888888888886
1.5981660505831895e-05,276.0
1.438313976390072e-05,276.1111111111111
1.241668332888591e-05,276.22222222222223
1.1994820429890494e-05,276.3333333333333
2.1726276416192173e-05,276.44444444444446
1.3315489541080987e-05,276.55555555555554
1.2325396733899743e-05,276.66666666666663
2.246142745009363e-05,276.77777777777777
1.0691038021428714e-05,276.88888888888886
1.1988769534799714e-05,277.0
3.434785978191733e-05,277.1111111111111
1.1189766211641288e-05,277.22222222222223
6.8485789749096085e-06,277.3333333333333
1.3769920157594884e-05,277.44444444444446
2.5521855852498912e-05,277.55555555555554
5.850777737791635e-06,277.66666666666663
1.860378054006921e-05,277.77777777777777
2.520057970318433e-05,277.88888888888886
1.2523296655607223e-05,278.0
3.1761710561551875e-05,278.1111111111111
7.415761724093458e-06,278.22222222222223
2.2893161747659014e-05,278.3333333333333
1.62598128953324e-05,278.44444444444446
2.672762579070164e-05,278.55555555555554
1.2532112104878538e-05,278.66666666666663
3.7864909310827173e-06,278.77777777777777
2.1839192395965007e-05,278.88888888888886
2.8656151037830393e-05,279.0
3.2213745696077564e-05,279.1111111111111
1.4120896512418636e-05,279.22222222222223
1.378234651288996e-05,279.3333333333333
1.211862915801059e-05,279.44444444444446
1.495018802787176e-05,279.55555555555554
2.635605674988057e-05,279.66666666666663
1.4721949157863691e-05,279.77777777777777
1.2816096574753076e-05,279.88888888888886
1.1382959560820503e-05,280.0
6.616619003179561e-06,280.1111111111111
2.257550820842672e-05,280.22222222222223
1.7411012899696268e-05,280.3333333333333
1.0136948761653272e-05,280.44444444444446
1.4988628882169865e-05,280.55555555555554
2.580752729671942e-05,280.66666666666663
3.1491300460145e-05,280.77777777777777
1.8602051707613213e-05,280.88888888888886
1.6061160914731444e-05,281.0
6.09340864550172e-06,281.1111111111111
1.0784384499752806e-05,281.22222222222223
1.6275199121137272e-05,281.3333333333333
1.7336125816700687e-05,281.44444444444446
1.9217415442407275e-05,281.55555555555554
2.2138360921540817e-05,281.66666666666663
1.2796310750164012e-05,281.77777777777777
2.4792406103369566e-05,281.88888888888886
1.4976685235547766e-05,282.0
2.1286329913303784e-05,282.1111111111111
1.2873817786713942e-05,282.22222222222223
9.961054707024541e-06,282.3333333333333
1.8240546095089445e-05,282.44444444444446
1.4989322303476739e-05,282.55555555555554
2.340048175602618e-05,282.66666666666663
1.693576010853861e-05,282.77777777777777
8.064736055498999e-06,282.88888888888886
8.120430720214591e-06,283.0
1.5015622673933581e-05,283.1111111111111
5.95700305181446e-06,283.22222222222223
2.2183308091782088e-05,283.3333333333333
6.4141616326792045e-06,283.44444444444446
1.2404841304657386e-05,283.55555555555554
2.2752015014176116e-05,283.66666666666663
2.7569016636702034e-06,283.77777777777777
7.389443722686483e-06,283.88888888888886
1.8785571552527143e-05,284.0
1.2020777161242687e-05,284.1111111111111
1.5432007584020313e-05,284.22222222222223
1.5090856450797492e-05,284.3333333333333
1.0388118598834554e-05,284.44444444444446
2.2365371205359996e-05,284.55555555555554
2.6401617827955286e-05,284.66666666666663
1.714096575176412e-05,284.77777777777777
2.4768523768951815e-05,284.88888888888886
8.316855001313293e-06,285.0
1.7074449348971158e-05,285.1111111111111
2.215515570138329e-05,285.22222222222223
1.8912920458685977e-05,285.3333333333333
1.2663198898063972e-05,285.4444444444444
2.1588429085001105e-06,285.55555555555554
2.3357214907195325e-05,285.66666666666663
4.989478481354958e-06,285.77777777777777
2.5919888181320662e-06,285.88888888888886
5.738946791279754e-06,286.0
1.0537997997024223e-05,286.1111111111111
1.467506788984842e-05,286.22222222222223
1.396922363286661e-05,286.3333333333333
1.250443186893843e-05,286.4444444444444
3.184216725875949e-05,286.55555555555554
8.057914159457486e-06,286.66666666666663
1.2856764954887563e-05,286.77777777777777
9.24372933447229e-06,286.88888888888886
8.507643228248875e-06,287.0
2.9027058524598774e-05,287.1111111111111
2.0828677548871058e-05,287.22222222222223
1.3255243645370553e-05,287.3333333333333
3.671294681661833e-05,287.4444444444444
1.5321913327648304e-05,287.55555555555554
7.920682561336692e-06,287.66666666666663
1.3687768894012863e-05,287.77777777777777
1.4908534971158637e-05,287.88888888888886
1.671080867221689e-05,288.0
6.910388277966106e-06,288.1111111111111
2.647748815890771e-05,288.22222222222223
1.5204088757041937e-05,288.3333333333333
1.5489823034214966e-05,288.4444444444444
2.218994601136756e-05,288.55555555555554
1.490091807655111e-05,288.66666666666663
2.620347665745574e-05,288.77777777777777
1.5684363930683828e-05,288.88888888888886
3.0751454561438834e-05,289.0
5.255555848670734e-06,289.1111111111111
2.0843564451792842e-05,289.22222222222223
1.1600683676605104e-05,289.3333333333333
1.3449131968478969e-05,289.4444444444444
2.138908059702749e-06,289.55555555555554
5.314118428570838e-06,289.66666666666663
1.9755215537976505e-05,289.77777777777777
1.2692081028212733e-05,289.88888888888886
2.6883758904196538e-05,290.0
7.893420658799474e-06,290.1111111111111
1.5092883104843811e-05,290.22222222222223
7.921239579734685e-06,290.3333333333333
3.9690156109413576e-07,290.4444444444444
1.6405560291211152e-05,290.55555555555554
2.01921476833482e-05,290.66666666666663
1.579344013672971e-05,290.77777777777777
2.5023846191151062e-05,290.88888888888886
2.2402776354999805e-05,291.0
1.1620158274700823e-05,291.1111111111111
7.6571689421954e-06,291.22222222222223
1.4037206097368704e-05,291.3333333333333
1.1066040907979815e-05,291.4444444444444
4.273742503909686e-06,291.55555555555554
1.0549653760245043e-05,291.66666666666663
1.4179361328665375e-05,291.77777777777777
2.549976743228157e-05,291.88888888888886
2.360296493764135e-05,292.0
1.3457124428054042e-05,292.1111111111111
2.114604130115798e-05,292.22222222222223
9.442116999660874e-06,292.3333333333333
1.562795486359406e-05,292.4444444444444
2.612847110490073e-05,292.55555555555554
9.941546007720943e-06,292.66666666666663
2.214895389486127e-05,292.77777777777777
8.527822119490475e-06,292.88888888888886
1.5145006255462436e-05,293.0
7.58207938656457e-06,293.1111111111111
2.2128014389267724e-05,293.22222222222223
1.4029621609891399e-05,293.3333333333333
9.494524408015684e-06,293.4444444444444
1.9699374864144726e-05,293.55555555555554
1.765522426658111e-05,293.66666666666663
1.5379171270783312e-05,293.77777777777777
1.4423127170864609e-05,293.88888888888886
1.5932340537021395e-05,294.0
1.595510331380849e-05,294.1111111111111
1.1363920059988738e-05,294.22222222222223
2.5649485557164935e-05,294.3333333333333
4.153562826652013e-06,294.4444444444444
1.3041098131933751e-05,294.55555555555554
1.5831682115104375e-05,294.66666666666663
1.267705307010301e-05,294.77777777777777
1.0581768535559612e-05,294.88888888888886
4.512132256630686e-06,295.0
2.9840092183371466e-05,295.1111111111111
2.6160968435614616e-05,295.22222222222223
7.671288758535236e-06,295.3333333333333
1.2468256063346472e-05,295.4444444444444
1.016768276455311e-05,295.55555555555554
2.4061638206337393e-05,295.66666666666663
3.582918494913158e-05,295.77777777777777
5.601477291563867e-06,295.88888888888886
2.321017213146915e-05,296.0
1.702190421622467e-05,296.1111111111111
2.2048778149651617e-05,296.22222222222223
3.026548945569247e-05,296.3333333333333
1.2914316314727594e-05,296.4444444444444
1.8117679712466477e-05,296.55555555555554
9.432186848755762e-06,296.66666666666663
3.5611779931650126e-06,296.77777777777777
9.011183638941771e-06,296.88888888888886
1.0299996088948982e-05,297.0
1.2593972459504747e-05,297.1111111111111
4.268910535089465e-06,297.22222222222223
2.9683060491330556e-06,297.3333333333333
2.0439653987291366e-05,297.4444444444444
1.119999330341872e-05,297.55555555555554
3.905160392719215e-06,297.66666666666663
2.3053030196450803e-05,297.77777777777777
9.799476876711975e-06,297.88888888888886
7.434934750867675e-06,298.0
2.4495864922717335e-05,298.1111111111111
1.1139889663956108e-05,298.22222222222223
1.6217859137897703e-05,298.3333333333333
3.0326142219713288e-05,298.4444444444444
9.598617968023707e-06,298.55555555555554
2.2874099500802473e-05,298.66666666666663
3.884196433735275e-06,298.77777777777777
1.0891947148490554e-05,298.88888888888886
7.800160287746361e-06,299.0
1.393932635394271e-05,299.1111111111111
1.8428837027506948e-05,299.22222222222223
2.4899799737389305e-05,299.3333333333333
1.390174882018573e-05,299.4444444444444
6.753135815586992e-06,299.55555555555554
2.349588393401628e-05,299.66666666666663
1.120756417990314e-05,299.77777777777777
5.405175842732303e-06,299.88888888888886
2.2471769994306052e-06,300.0
8.500606919113055e-06,300.1111111111111
1.2796599532847903e-05,300.22222222222223
7.764879710291008e-06,300.3333333333333
1.2523293868325048e-05,300.4444444444444
3.339568133030111e-05,300.55555555555554
7.449799074788603e-06,300.66666666666663
1.2571628512692595e-05,300.77777777777777
1.2718385750912901e-05,300.88888888888886
1.0186586368815748e-05,301.0
8.830933013653465e-06,301.1111111111111
3.0037055126497745e-05,301.22222222222223
1.2569336893161784e-05,301.3333333333333
4.0548046704490544e-06,301.4444444444444
1.1076937268084124e-05,301.55555555555554
1.4312512260270165e-05,301.66666666666663
1.0879338869846377e-05,301.77777777777777
8.625205716637985e-06,301.88888888888886
8.757424380409897e-06,302.0
2.6495916762038804e-05,302.1111111111111
1.6827148886087612e-05,302.22222222222223
8.133887274687296e-06,302.3333333333333
7.742518636114303e-06,302.4444444444444
1.8345678520178477e-05,302.55555555555554
2.448413174424955e-05,302.66666666666663
3.795007738067244e-05,302.77777777777777
2.1852479354352087e-05,302.88888888888886
2.9778169117633846e-05,303.0
2.10562419470074e-05,303.1111111111111
1.4124385155368811e-05,303.22222222222223
1.978280931505878e-05,303.3333333333333
2.8418844872329817e-05,303.4444444444444
1.7833179716828364e-05,303.55555555555554
2.3910190395717008e-05,303.66666666666663
1.8207178082334744e-05,303.77777777777777
2.3994547656983413e-05,303.88888888888886
1.1346236099963225e-05,304.0
3.8709120062077276e-05,304.1111111111111
2.0575368475030983e-05,304.22222222222223
2.7829774644825205e-05,304.3333333333333
1.957537350590393e-05,304.4444444444444
2.4071253439090603e-05,304.55555555555554
1.1265103632146958e-05,304.66666666666663
1.3954737699168005e-05,304.77777777777777
2.7619002857531206e-05,304.88888888888886
2.35572737862509e-05,305.0
2.3526474356982437e-05,305.1111111111111
2.3162286305386293e-05,305.22222222222223
8.115813056761116e-06,305.3333333333333
7.050819677039157e-06,305.4444444444444
1.3395843078403784e-05,305.55555555555554
1.7333446546001553e-05,305.66666666666663
1.219267127108218e-05,305.77777777777777
1.4039635340951208e-05,305.88888888888886
1.7716527508138191e-06,306.0
2.9101469587043195e-05,306.1111111111111
1.7374812501634366e-05,306.22222222222223
1.8576864020209203e-05,306.3333333333333
2.6447647184151284e-05,306.4444444444444
2.6874487703248982e-05,306.55555555555554
1.6938310676789185e-05,306.66666666666663
2.499139579926763e-05,306.77777777777777
7.454378847206908e-06,306.88888888888886
1.7349120813130478e-05,307.0
1.4013714138702168e-05,307.1111111111111
7.91831143952404e-06,307.22222222222223
1.3728909137292754e-05,307.3333333333333
3.474144820400588e-05,307.4444444444444
1.1617689704507147e-05,307.55555555555554
1.2614983862885996e-05,307.66666666666663
1.6691829010704607e-05,307.77777777777777
2.1887180910745757e-05,307.88888888888886
1.9186200488200568e-05,308.0
1.6394154703334167e-05,308.1111111111111
1.1689651604969764e-05,308.22222222222223
2.0621153164720298e-05,308.3333333333333
1.434488721415832e-05,308.4444444444444
2.1172296121847905e-05,308.55555555555554
9.853394926715923e-06,308.66666666666663
9.964182640664665e-06,308.77777777777777
1.8769383311604316e-05,308.88888888888886
8.142243528687519e-06,309.0
2.103344566548385e-05,309.1111111111111
1.5842777829156578e-06,309.22222222222223
1.979746127572104e-05,309.3333333333333
1.3690082441296009e-05,309.4444444444444
1.2007680009504102e-05,309.55555555555554
2.107551557106036e-05,309.66666666666663
9.009044623984258e-07,309.77777777777777
1.4057484664790592e-05,309.88888888888886
1.0767639376106075e-05,310.0
6.750463247846206e-06,310.1111111111111
9.107888953266608e-06,310.22222222222223
9.124607124926265e-06,310.3333333333333
2.878351065139202e-05,310.4444444444444
1.5946673797792486e-05,310.55555555555554
2.3071611527899994e-05,310.66666666666663
9.41073942328993e-06,310.77777777777777
5.674721768142883e-06,310.88888888888886
1.3408778899715021e-05,311.0
1.0596356531636767e-05,311.1111111111111
1.599437602157138e-05,311.22222222222223
2.16792174052666e-05,311.3333333333333
1.1314754564560646e-05,311.4444444444444
3.670935923810516e-05,311.55555555555554
1.74860154552943e-05,311.66666666666663
1.4196063662516644e-05,311.77777777777777
7.981526050682573e-06,311.88888888888886
1.1248291060762043e-05,312.0
1.02904710988099e-05,312.1111111111111
9.3472077253078e-06,312.22222222222223
1.4131519654871896e-05,312.3333333333333
1.1278627335192797e-05,312.4444444444444
4.568175017428277e-06,312.55555555555554
8.144411923352508e-06,312.66666666666663
1.3449107029025883e-05,312.77777777777777
6.744327142230201e-06,312.88888888888886
1.6731278312869488e-05,313.0
3.1150835203803516e-05,313.1111111111111
1.189511692059254e-05,313.22222222222223
5.7346187461852e-06,313.3333333333333
3.4151281885148096e-05,313.4444444444444
2.8776727714116834e-05,313.55555555555554
1.3062763958682629e-05,313.66666666666663
1.8101506393134384e-05,313.77777777777777
3.519594422029459e-06,313.88888888888886
2.411081674301448e-05,314.0
1.372828079080352e-05,314.1111111111111
5.331398050134303e-06,314.22222222222223
2.7895953858010064e-05,314.3333333333333
1.003036639315619e-05,314.4444444444444
2.8297289369751953e-05,314.55555555555554
1.7421185148666724e-05,314.66666666666663
1.972488201378655e-05,314.77777777777777
1.2900616499484221e-05,314.88888888888886
1.1711073310185574e-05,315.0
2.0820961106338233e-05,315.1111111111111
6.792406115012555e-06,315.22222222222223
2.2644074455186844e-05,315.3333333333333
2.975601116599981e-05,315.4444444444444
1.7664280893904943e-05,315.55555555555554
2.8723147089198063e-05,315.66666666666663
3.1535627111460724e-05,315.77777777777777
2.551847500244447e-05,315.88888888888886
1.38467908875698e-05,316.0
3.3026510126069295e-06,316.1111111111111
7.839403620986282e-06,316.22222222222223
4.632533337985383e-06,316.3333333333333
2.9027369218652436e-05,316.4444444444444
1.0408582323529941e-05,316.55555555555554
2.3822450732171455e-06,316.66666666666663
1.5163902379050921e-05,316.77777777777777
1.770889583397533e-05,316.88888888888886
1.1118833304369277e-05,317.0
1.2834032302437407e-05,317.1111111111111
2.029619668600847e-05,317.22222222222223
1.4500197545600802e-05,317.3333333333333
2.28503209202185e-05,317.4444444444444
3.9238669249304595e-06,317.55555555555554
1.3349254718480632e-05,317.66666666666663
1.6210666137811645e-05,317.77777777777777
6.53451501244328e-06,317.88888888888886
3.2806227475796505e-06,318.0
3.155599083961614e-06,318.1111111111111
4.971615207750289e-06,318.22222222222223
9.302696262983219e-06,318.3333333333333
2.0735487138833057e-05,318.4444444444444
1.8277161833543306e-05,318.55555555555554
7.5729963021939185e-06,318.66666666666663
1.3151337261701117e-05,318.77777777777777
1.3360584176262796e-05,318.88888888888886
2.2393416608430805e-05,319.0
4.9571656715758116e-06,319.1111111111111
1.830374579353393e-05,319.22222222222223
2.2893352919141545e-05,319.3333333333333
5.3293128250074e-06,319.4444444444444
1.7805041972655508e-05,319.55555555555554
1.585264766277014e-05,319.66666666666663
1.107333622334172e-05,319.77777777777777
3.10476793249203e-05,319.88888888888886
1.4852561561580983e-05,320.0
1.5782904181687658e-05,320.1111111111111
2.6107428523774956e-05,320.22222222222223
3.232243181249298e-05,320.3333333333333
2.2865133914145596e-05,320.4444444444444
1.17610269443222e-05,320.55555555555554
1.0322807701506732e-05,320.66666666666663
1.3060041173701198e-05,320.77777777777777
2.482802999019896e-05,320.88888888888886
2.7570086320413754e-05,321.0
2.0464408517503424e-05,321.1111111111111
1.1499063968431426e-05,321.22222222222223
7.387054613654806e-06,321.3333333333333
1.9974590880312153e-05,321.4444444444444
1.7157033856284138e-05,321.55555555555554
2.2385289778274134e-05,321.66666666666663
9.001476231586093e-06,321.77777777777777
2.2840880529583558e-05,321.88888888888886
1.3466445934265164e-05,322.0
2.7369943100744362e-05,322.1111111111111
2.066590930929263e-06,322.22222222222223
2.9663636200714364e-05,322.3333333333333
7.67519850148046e-06,322.4444444444444
6.775987360569954e-06,322.55555555555554
1.4975026038688138e-05,322.66666666666663
2.560149046484176e-05,322.77777777777777
1.876332368941332e-05,322.88888888888886
1.5945108897306622e-05,323.0
9.137634460460786e-06,323.1111111111111
1.9438547638800364e-06,323.22222222222223
2.450491380357293e-05,323.3333333333333
1.2529676993518409e-05,323.4444444444444
1.4989856652600686e-05,323.55555555555554
1.7552909066498873e-05,323.66666666666663
1.9094327475098044e-05,323.77777777777777
8.480774365414663e-06,323.88888888888886
2.1694377581895975e-05,324.0
5.560097339053306e-06,324.1111111111111
3.440177882347327e-05,324.22222222222223
3.8448352752316374e-06,324.3333333333333
9.66702537803195e-06,324.4444444444444
2.301596637168455e-05,324.55555555555554
1.8469588385496818e-05,324.66666666666663
3.8011004559535555e-05,324.77777777777777
1.5341280642754073e-05,324.88888888888886
9.178096128443272e-06,325.0
2.7181067384565832e-05,325.1111111111111
1.1202432666766622e-05,325.22222222222223
3.400716906434424e-05,325.3333333333333
1.4463743750988374e-05,325.4444444444444
1.9187501452861894e-05,325.55555555555554
3.456776724267425e-05,325.66666666666663
2.218320131349743e-05,325.77777777777777
3.4770305100680085e-06,325.88888888888886
1.1624771474938023e-05,326.0
3.960081231884679e-06,326.1111111111111
1.141757119994694e-05,326.22222222222223
1.022566334327645e-05,326.3333333333333
1.148405444737382e-05,326.4444444444444
1.9224686596897434e-05,326.55555555555554
1.1575118200307579e-05,326.66666666666663
1.03610339716255e-05,326.77777777777777
2.20727487738688e-05,326.88888888888886
2.6668992325270958e-05,327.0
1.2324915432156036e-05,327.1111111111111
2.2107001201348513e-05,327.22222222222223
1.4001396248880154e-05,327.3333333333333
6.5141053481556325e-06,327.4444444444444
2.4643196609237386e-05,327.55555555555554
1.837333722197421e-05,327.66666666666663
2.2558025284403348e-05,327.77777777777777
2.48179303894022e-05,327.88888888888886
8.895086215220781e-06,328.0
4.1161731487490034e-05,328.1111111111111
3.2231783105984285e-05,328.22222222222223
1.0657689537725974e-05,328.3333333333333
1.3180208976954491e-05,328.4444444444444
3.230261231833001e-05,328.55555555555554
1.822409463266041e-05,328.66666666666663
3.1562090170260805e-05,328.77777777777777
2.2451352214902195e-05,328.88888888888886
1.9618076315678987e-05,329.0
2.0718735170847692e-05,329.1111111111111
5.5949010738425525e-06,329.22222222222223
1.9432035071619575e-05,329.3333333333333
1.4393774996257032e-05,329.4444444444444
2.614344116260524e-05,329.55555555555554
8.175831536604986e-06,329.66666666666663
1.489090404257712e-05,329.77777777777777
1.753524438329476e-05,329.88888888888886
2.3625485006003192e-05,330.0
8.467529106366656e-06,330.1111111111111
1.5311724181289767e-05,330.22222222222223
2.4815216322183848e-05,330.3333333333333
5.276697587649818e-06,330.4444444444444
1.2008412963750184e-05,330.55555555555554
7.0789954311349065e-06,330.66666666666663
1.1850175949611709e-05,330.77777777777777
2.3115323572608335e-05,330.88888888888886
1.260179820539434e-05,331.0
1.4649576417663327e-05,331.1111111111111
9.661581669898152e-06,331.22222222222223
1.870243980937782e-05,331.3333333333333
1.4891802834672759e-05,331.4444444444444
3.82442038880986e-06,331.55555555555554
9.58091430630489e-06,331.66666666666663
2.082796088124572e-05,331.77777777777777
6.878312039748274e-06,331.88888888888886
1.3604684775288762e-05,332.0
1.6407152808823707e-05,332.1111111111111
1.4666387274616205e-05,332.22222222222223
2.872472648910242e-06,332.3333333333333
2.122070128691546e-05,332.4444444444444
1.690440324592196e-05,332.55555555555554
2.0062616469907442e-05,332.66666666666663
2.680306855692011e-05,332.77777777777777
1.0557968581140876e-05,332.88888888888886
2.183891960051414e-05,333.0
1.6902070803227175e-05,333.1111111111111
1.2929627800520943e-05,333.22222222222223
1.5964466716069642e-05,333.3333333333333
2.6363512124622455e-05,333.4444444444444
1.7250095496498288e-05,333.55555555555554
2.5429435720142465e-05,333.66666666666663
6.6304307143941205e-06,333.77777777777777
1.4891447876540883e-05,333.88888888888886
3.1484018331382133e-06,334.0
1.610270787703216e-05,334.1111111111111
2.78339616177848e-05,334.22222222222223
4.80960414588377e-06,334.3333333333333
2.3015764802316644e-05,334.4444444444444
1.036628506707826e-05,334.55555555555554
1.9054723087230573e-06,334.66666666666663
1.2919776539235613e-05,334.77777777777777
2.6497934313143973e-05,334.88888888888886
1.6214192332494648e-05,335.0
1.2975231187505172e-05,335.1111111111111
1.90231512798209e-05,335.22222222222223
2.0599669554173664e-05,335.3333333333333
7.75677899728991e-06,335.4444444444444
1.4821294619717951e-05,335.55555555555554
1.5698163315846047e-05,335.66666666666663
1.041577555718968e-05,335.77777777777777
1.3400989572664999e-05,335.88888888888886
2.3560084461444628e-05,336.0
2.0533477072680204e-05,336.1111111111111
1.428131218413079e-05,336.22222222222223
1.3281916880114012e-05,336.3333333333333
1.2989421088026006e-05,336.4444444444444
1.739276138628498e-05,336.55555555555554
2.5335379242942392e-05,336.66666666666663
1.3427603363301952e-05,336.77777777777777
2.3219487766812396e-05,336.88888888888886
2.2494960584453338e-05,337.0
1.4211495331176092e-05,337.1111111111111
1.9474323038442106e-05,337.22222222222223
1.333999909312438e-05,337.3333333333333
8.779870171424825e-06,337.4444444444444
9.954919943068833e-06,337.55555555555554
1.5667139553369133e-05,337.66666666666663
1.2413840584408507e-05,337.77777777777777
2.9678426860805698e-05,337.88888888888886
1.2565886840221907e-05,338.0
2.3344775438038083e-05,338.1111111111111
1.5033881447670809e-05,338.22222222222223
2.887367081421855e-05,338.3333333333333
2.8189503191845726e-06,338.4444444444444
1.3668977326680136e-05,338.55555555555554
1.3579450878273785e-05,338.66666666666663
4.8352560162393315e-06,338.77777777777777
3.887496889842908e-06,338.88888888888886
1.0471123397798495e-05,339.0
6.179829888998624e-06,339.1111111111111
2.409898020645498e-06,339.22222222222223
1.6172491326946735e-05,339.3333333333333
9.683590956594525e-06,339.4444444444444
9.595686028113807e-06,339.55555555555554
1.2355511294486492e-05,339.66666666666663
1.6302829883922477e-05,339.77777777777777
1.9082319539565392e-05,339.88888888888886
2.0538823259183263e-05,340.0
1.2346287631653699e-05,340.1111111111111
1.9654457236052397e-05,340.22222222222223
1.576898239750662e-05,340.3333333333333
2.2715287592624186e-05,340.4444444444444
1.2643169379296803e-05,340.55555555555554
2.4416489754282313e-05,340.66666666666663
3.503835814273389e-05,340.77777777777777
1.1973950051497447e-05,340.88888888888886
1.72630830295082e-05,341.0
2.0063634125015285e-05,341.1111111111111
5.8720527240323966e-06,341.22222222222223
2.088815679156793e-05,341.3333333333333
6.186917909537907e-06,341.4444444444444
8.757455294147967e-06,341.55555555555554
2.2027232432172702e-05,341.66666666666663
1.5022039219102205e-05,341.77777777777777
4.6722126936412684e-06,341.88888888888886
2.4963096485743336e-05,342.0
1.6031645937944276e-05,342.1111111111111
1.874299904629432e-05,342.22222222222223
1.4134298827860842e-05,342.3333333333333
1.91084879460239e-05,342.4444444444444
2.712108775922442e-05,342.55555555555554
1.223785550887692e-05,342.66666666666663
1.0338255250120517e-05,342.77777777777777
1.4492699068376276e-05,342.88888888888886
2.2405978797352007e-05,343.0
3.308410683852756e-05,343.1111111111111
1.1489561038623048e-05,343.22222222222223
8.183459022431765e-06,343.3333333333333
1.1702283675028667e-05,343.4444444444444
3.1503797912447384e-05,343.55555555555554
1.630577571471324e-05,343.66666666666663
9.01027531557357e-06,343.77777777777777
1.6124915013585673e-05,343.88888888888886
1.9026803744927527e-05,344.0
1.0661683428458847e-05,344.1111111111111
1.5969060351204027e-05,344.22222222222223
1.5281862025021997e-05,344.3333333333333
7.0872427702129776e-06,344.4444444444444
1.875278701127667e-05,344.55555555555554
3.1037773425768273e-06,344.66666666666663
9.277889187508774e-06,344.77777777777777
2.4397352942353593e-05,344.88888888888886
1.1394280078466265e-05,345.0
1.3073666273006471e-05,345.1111111111111
1.1332221029393618e-05,345.22222222222223
1.7200563340258818e-05,345.3333333333333
4.699282013294152e-06,345.4444444444444
2.2085740690213874e-05,345.55555555555554
2.5450655928203187e-05,345.66666666666663
1.6927183461923346e-05,345.77777777777777
1.903545675799169e-05,345.88888888888886
3.607691870135534e-05,346.0
1.4357883053533297e-05,346.1111111111111
2.2091559446283596e-05,346.22222222222223
3.4215283928588896e-06,346.3333333333333
1.171146297048081e-05,346.4444444444444
1.146956469488993e-05,346.55555555555554
2.2027255158100602e-05,346.66666666666663
2.687765137119586e-05,346.77777777777777
1.0945200130998253e-05,346.88888888888886
1.7659849675817703e-05,347.0
2.083579886002721e-06,347.1111111111111
5.0929240996033935e-06,347.22222222222223
1.4038195426058669e-05,347.3333333333333
9.302773254875832e-06,347.4444444444444
2.2792398769395076e-05,347.55555555555554
1.5172995467725527e-05,347.66666666666663
1.1808923253096917e-05,347.77777777777777
1.0695404741329533e-05,347.88888888888886
1.1976560872495632e-05,348.0
1.8689253959073992e-05,348.1111111111111
6.4124443684551496e-06,348.22222222222223
2.207858129996554e-06,348.3333333333333
6.850759575897276e-06,348.4444444444444
8.49311069657793e-06,348.55555555555554
1.6133252196613744e-05,348.66666666666663
1.9802589878786206e-05,348.77777777777777
1.2670811675490807e-05,348.88888888888886
1.4506004908049927e-05,349.0
1.4009814244284931e-05,349.1111111111111
1.67277781836825e-05,349.22222222222223
1.862988448249076e-05,349.3333333333333
2.892700265911365e-05,349.4444444444444
2.721581480645867e-06,349.55555555555554
1.9818560846200908e-05,349.66666666666663
2.7874329724624602e-05,349.77777777777777
5.365279935936581e-06,349.88888888888886
1.2957485706455227e-05,350.0
1.049109037934202e-06,350.1111111111111
2.2630255585462227e-05,350.22222222222223
9.719694449262309e-06,350.3333333333333
3.061558521336603e-05,350.4444444444444
4.068775440811367e-06,350.55555555555554
1.4794012190593686e-05,350.66666666666663
1.4488405195699153e-05,350.77777777777777
1.1443145238216299e-05,350.88888888888886
8.622779052595719e-06,351.0
2.120160551521477e-05,351.1111111111111
2.0566106237375802e-05,351.22222222222223
1.375740944554098e-05,351.3333333333333
1.2145809450868192e-05,351.4444444444444
9.68919574774542e-06,351.55555555555554
1.5625994980578153e-05,351.66666666666663
9.69691831044035e-06,351.77777777777777
2.1659092132653612e-05,351.88888888888886
1.3131826136065768e-05,352.0
1.0954597025397631e-05,352.1111111111111
1.3610693655259842e-05,352.22222222222223
1.4280449381170436e-05,352.3333333333333
2.2307123506178488e-05,352.4444444444444
2.156224379777499e-05,352.55555555555554
2.3395327706419803e-05,352.66666666666663
1.55186804766952e-05,352.77777777777777
1.1058649428904171e-05,352.88888888888886
1.4673358472170115e-05,353.0
6.23604113872064e-06,353.1111111111111
1.3857899837317953e-05,353.22222222222223
7.123287924552362e-06,353.3333333333333
4.546518191599844e-06,353.4444444444444
1.026792678393155e-05,353.55555555555554
8.04955363967034e-06,353.66666666666663
3.6762235681325867e-05,353.77777777777777
1.1467912953101852e-05,353.88888888888886
1.821099400104382e-05,354.0
6.801164901080619e-06,354.1111111111111
1.787090795168286e-05,354.22222222222223
1.837372697183559e-05,354.3333333333333
7.14988054375647e-06,354.4444444444444
4.906984571929393e-06,354.55555555555554
2.6066769061399603e-05,354.66666666666663
9.678417306597059e-06,354.77777777777777
1.6384496151428398e-05,354.88888888888886
1.4123158599719106e-05,355.0
2.5150686417355713e-05,355.1111111111111
2.8166461216052997e-06,355.22222222222223
2.0390687772182264e-05,355.3333333333333
3.3322608129554096e-05,355.4444444444444
1.884037132772748e-05,355.55555555555554
1.5126756187470164e-05,355.66666666666663
1.2367264014678653e-05,355.77777777777777
1.4019121306384655e-05,355.88888888888886
1.2730329224277236e-05,356.0
2.309353227132496e-05,356.1111111111111
2.3213027687481976e-05,356.22222222222223
1.3993775183886079e-05,356.3333333333333
2.0883346105960345e-05,356.4444444444444
5.996329149605669e-06,356.55555555555554
1.9841313450709126e-05,356.66666666666663
1.5543322303517608e-05,356.77777777777777
2.0866347460554174e-05,356.88888888888886
2.3181774836694356e-05,357.0
9.526840333853065e-06,357.1111111111111
9.534264795848284e-06,357.22222222222223
4.860419128509321e-06,357.3333333333333
2.2167953995469007e-05,357.4444444444444
7.012271183840736e-06,357.55555555555554
1.009798530160019e-05,357.66666666666663
1.4813177492792203e-05,357.77777777777777
1.9658008711014685e-05,357.88888888888886
9.583333187631876e-06,358.0
1.4673162726931708e-05,358.1111111111111
3.844062091786919e-05,358.22222222222223
1.1881295326842856e-05,358.3333333333333
6.331278324434874e-06,358.4444444444444
1.1397071942325701e-05,358.55555555555554
1.999922080953462e-05,358.66666666666663
3.3626525331812014e-05,358.77777777777777
2.4147162311370935e-05,358.88888888888886
2.407601943056184e-06,359.0
6.730881839277755e-06,359.1111111111111
3.604047272829647e-05,359.22222222222223
1.636155605166301e-05,359.3333333333333
1.6794528774193314e-05,359.4444444444444
9.692896168891926e-06,359.55555555555554
1.4193696374429742e-05,359.66666666666663
1.565813836010096e-05,359.77777777777777
1.1905759027030141e-05,359.88888888888886
2.4189821094374887e-05,360.0
1.0012968791643917e-05,360.1111111111111
1.8644696872049347e-05,360.22222222222223
1.3589472406670895e-05,360.3333333333333
1.9764365575875032e-05,360.4444444444444
3.0326304109688646e-06,360.55555555555554
2.2883175686897956e-05,360.66666666666663
1.6158490695199446e-05,360.77777777777777
1.179550175627966e-05,360.88888888888886
7.150182571481256e-06,361.0
1.7385333840056477e-05,361.1111111111111
2.0699627709886202e-05,361.22222222222223
1.279379719770567e-06,361.3333333333333
1.0043922075101059e-05,361.4444444444444
9.032472764495525e-06,361.55555555555554
1.0702086417559105e-05,361.66666666666663
1.0746250852239526e-05,361.77777777777777
2.9379450813793964e-05,361.88888888888886
1.2327385655009601e-05,362.0
5.4476380564412975e-06,362.1111111111111
6.2317181014779285e-06,362.22222222222223
1.2494083057992503e-05,362.3333333333333
1.2235862489823885e-05,362.4444444444444
2.3503538190576013e-05,362.55555555555554
2.2195109780443034e-05,362.66666666666663
1.3097136499772651e-05,362.77777777777777
1.0414638808429113e-05,362.88888888888886
2.247081224857956e-05,363.0
6.077119919639084e-06,363.1111111111111
1.7998204554705442e-05,363.22222222222223
3.6012391682974374e-06,363.3333333333333
3.029461482116384e-05,363.4444444444444
1.762853636151152e-05,363.55555555555554
2.9103415422820447e-05,363.66666666666663
4.28473690753662e-05,363.77777777777777
1.1783571106513894e-05,363.88888888888886
1.1532042722343152e-05,364.0
1.4943061882317912e-05,364.1111111111111
1.157184891474726e-05,364.22222222222223
1.5471586874602604e-05,364.3333333333333
8.442681290273452e-06,364.4444444444444
8.690031020039671e-06,364.55555555555554
1.3469942685107191e-05,364.66666666666663
3.710684275285085e-05,364.77777777777777
2.6515785159635675e-05,364.88888888888886
1.188718441607456e-05,365.0
1.136121386555553e-05,365.1111111111111
1.357654087341539e-05,365.22222222222223
2.1968471288082098e-05,365.3333333333333
2.4271324151522783e-06,365.4444444444444
1.377097105561305e-05,365.55555555555554
1.6930269833993707e-05,365.66666666666663
1.3127854709581078e-05,365.77777777777777
2.035999394866045e-05,365.88888888888886
9.01014637891166e-06,366.0
2.0414247443845356e-05,366.1111111111111
9.767647822335323e-06,366.22222222222223
1.110329981148142e-05,366.3333333333333
2.3338167711948328e-06,366.4444444444444
1.569336663016809e-05,366.55555555555554
6.99782051427442e-06,366.66666666666663
5.760768545589645e-06,366.77777777777777
1.0968373355024086e-05,366.88888888888886
1.92497438719504e-05,367.0
1.6292761632719382e-05,367.1111111111111
1.7059561305904423e-05,367.22222222222223
1.1951662688745663e-05,367.3333333333333
3.632883090112696e-05,367.4444444444444
1.1106358749889664e-05,367.55555555555554
1.504262826019715e-05,367.66666666666663
2.0728819510226724e-05,367.77777777777777
1.6541814371514695e-05,367.88888888888886
2.8704663049322693e-05,368.0
8.597302637416246e-06,368.1111111111111
1.2147939058212949e-05,368.22222222222223
6.592015158950774e-06,368.3333333333333
2.597461416357275e-05,368.4444444444444
2.2790621705353445e-05,368.55555555555554
2.0108668153760968e-05,368.66666666666663
3.6877255263942154e-06,368.77777777777777
6.497342173400416e-06,368.88888888888886
6.71280492544146e-06,369.0
9.685286539632926e-06,369.1111111111111
1.0486044091597543e-05,369.22222222222223
1.4659911158019909e-05,369.3333333333333
1.3262152832330687e-05,369.4444444444444
1.790327516535972e-05,369.55555555555554
1.628021724012982e-05,369.66666666666663
1.8213643949366086e-05,369.77777777777777
2.7612382512026957e-06,369.88888888888886
2.159241532723606e-05,370.0
7.08348469152799e-06,370.1111111111111
2.251219589563146e-05,370.22222222222223
1.0487808647648485e-05,370.3333333333333
1.1037550150778218e-05,370.4444444444444
1.1782013559663517e-05,370.55555555555554
1.603053892175272e-05,370.66666666666663
1.2561078814196843e-05,370.77777777777777
1.0847434306577431e-05,370.88888888888886
1.1153355506604003e-05,371.0
1.6728233444335968e-05,371.1111111111111
2.0640669437087428e-05,371.22222222222223
2.9845452458869402e-05,371.3333333333333
2.3375849208396107e-05,371.4444444444444
1.0178744962803662e-05,371.55555555555554
1.6629307953249005e-05,371.66666666666663
1.1100492097953395e-05,371.77777777777777
2.0067601156454768e-05,371.88888888888886
2.3018269972048408e-05,372.0
1.833942816103599e-05,372.1111111111111
2.5026763893831393e-05,372.22222222222223
2.1587669008093046e-05,372.3333333333333
1.149620464097189e-05,372.4444444444444
1.310272253253826e-06,372.55555555555554
2.2815009121884482e-05,372.66666666666663
2.6155090930720405e-05,372.77777777777777
2.353316645866059e-05,372.88888888888886
4.5628736785084e-06,373.0
3.426894584644661e-05,373.1111111111111
6.534241591602154e-06,373.22222222222223
1.3649413806224935e-05,373.3333333333333
1.6490313985002057e-05,373.4444444444444
1.4977493736749462e-05,373.55555555555554
1.8448072341135127e-05,373.66666666666663
1.3645353558870658e-05,373.77777777777777
1.1748718563244432e-05,373.88888888888886
2.4623383041465663e-05,374.0
6.124584197256015e-06,374.1111111111111
1.1963544774957596e-05,374.22222222222223
1.7693436024725916e-05,374.3333333333333
1.627728135924233e-05,374.4444444444444
2.250950269330634e-05,374.55555555555554
4.842497900857764e-06,374.66666666666663
5.437770960606494e-06,374.77777777777777
2.3256693826654627e-05,374.88888888888886
5.9779561219510085e-06,375.0
1.2744432692643304e-05,375.1111111111111
3.3313716753981362e-06,375.22222222222223
2.6689861648264374e-05,375.3333333333333
5.8947643353176295e-06,375.4444444444444
2.5392805504932775e-05,375.55555555555554
2.0730297861593798e-05,375.66666666666663
8.952503111699611e-06,375.77777777777777
1.6216728644225714e-05,375.88888888888886
4.078073924098443e-06,376.0
1.5299180936859835e-05,376.1111111111111
1.7485576369460496e-05,376.22222222222223
2.410011109911649e-06,376.3333333333333
2.151820592480081e-05,376.4444444444444
6.498972792927679e-06,376.55555555555554
1.976144147473401e-05,376.66666666666663
1.1322210060336205e-05,376.77777777777777
1.0985034008419147e-05,376.88888888888886
4.434249344575495e-06,377.0
1.0493447974897968e-05,377.1111111111111
1.3427726814918123e-05,377.22222222222223
2.8033791723137483e-05,377.3333333333333
2.948108721387057e-05,377.4444444444444
1.0869513963929835e-05,377.55555555555554
1.1307948773016564e-05,377.66666666666663
9.61285783969158e-06,377.77777777777777
1.7311830020599907e-05,377.88888888888886
1.4908827493582106e-05,378.0
2.2276681438347845e-05,378.1111111111111
1.798753930513878e-05,378.22222222222223
2.0707891755968077e-05,378.3333333333333
6.355211377891965e-06,378.4444444444444
2.171669305635525e-05,378.55555555555554
2.4125279657331784e-05,378.66666666666663
2.7651208443351304e-05,378.77777777777777
1.0880568062165704e-05,378.88888888888886
1.4612207365712202e-05,379.0
2.0056716235425436e-05,379.1111111111111
1.799466241122138e-05,379.22222222222223
4.938276632733586e-06,379.3333333333333
2.1892938467062206e-05,379.4444444444444
1.395011125852305e-05,379.55555555555554
1.9890888061358684e-05,379.66666666666663
1.4341818782106084e-05,379.77777777777777
3.3638372580259744e-06,379.88888888888886
1.87619866439803e-05,380.0
1.351626207608911e-05,380.1111111111111
1.1242426066745638e-05,380.22222222222223
2.606451441682932e-05,380.3333333333333
1.079085657376404e-05,380.4444444444444
3.652760259597458e-05,380.55555555555554
3.1937921265748234e-05,380.66666666666663
8.13563011844296e-06,380.77777777777777
1.5269517397024607e-05,380.88888888888886
1.1902435297455815e-05,381.0
2.9544432837534674e-05,381.1111111111111
2.4069308030819235e-05,381.22222222222223
1.5207111115231933e-05,381.3333333333333
4.070104253295731e-06,381.4444444444444
2.0592250519755963e-05,381.55555555555554
1.46340889182512e-05,381.66666666666663
3.858531482687447e-06,381.77777777777777
2.2119231862462914e-05,381.88888888888886
1.4299429217774968e-05,382.0
1.7946908976444583e-05,382.1111111111111
1.2347088257664715e-05,382.22222222222223
1.3670744240629414e-05,382.3333333333333
2.8518833299208574e-05,382.4444444444444
2.2169936558788856e-05,382.55555555555554
1.2932488518448996e-05,382.66666666666663
1.2564322012431594e-05,382.77777777777777
8.95263902350241e-06,382.88888888888886
1.6129478487818938e-05,383.0
1.3918872367647747e-06,383.1111111111111
2.9915404809425544e-05,383.22222222222223
1.1128431063716437e-05,383.3333333333333
2.3544994183763906e-05,383.4444444444444
7.380697506641027e-06,383.55555555555554
1.8402540232597553e-05,383.66666666666663
8.664451489692472e-06,383.77777777777777
1.7112409931520923e-05,383.88888888888886
7.652526133892671e-06,384.0
2.2865228953197135e-05,384.1111111111111
2.6309811590580665e-05,384.22222222222223
5.435922304412858e-06,384.3333333333333
1.3619857123758794e-05,384.4444444444444
1.1054846213428598e-05,384.55555555555554
1.6334943020022425e-05,384.66666666666663
1.8394377360041283e-05,384.77777777777777
1.4277829212928172e-05,384.88888888888886
1.8055145155132034e-05,385.0
1.735807724232471e-05,385.1111111111111
1.919163904204175e-05,385.22222222222223
9.066818912623808e-06,385.3333333333333
8.693173051128702e-06,385.4444444444444
1.0243764619156378e-05,385.55555555555554
1.0588546393252994e-05,385.66666666666663
2.0710057942396415e-05,385.77777777777777
1.1612642633398456e-05,385.88888888888886
2.332536885632917e-05,386.0
1.8281725500809084e-05,386.1111111111111
1.828422066773341e-05,386.22222222222223
2.698194181220715e-06,386.3333333333333
2.2813907596864505e-05,386.4444444444444
1.5674322190008277e-05,386.55555555555554
2.7199320388357695e-06,386.66666666666663
3.029480457913023e-05,386.77777777777777
8.64637569647124e-06,386.88888888888886
1.4205684832649606e-05,387.0
1.092297820401716e-05,387.1111111111111
9.065132716492507e-06,387.22222222222223
1.0619930558705102e-05,387.3333333333333
2.5958028098021883e-05,387.4444444444444
1.8236521384667197e-05,387.55555555555554
1.1500786088959219e-05,387.66666666666663
2.1916771496636746e-05,387.77777777777777
2.5719104944521384e-05,387.88888888888886
2.7158229919522684e-05,388.0
2.269817755674935e-05,388.1111111111111
2.4843875976905917e-05,388.22222222222223
7.826653541512963e-06,388.3333333333333
2.0284881823207954e-05,388.4444444444444
7.685957152909853e-06,388.55555555555554
2.545517451722786e-05,388.66666666666663
1.309711552386415e-05,388.77777777777777
2.439430044268241e-05,388.88888888888886
6.830267420343155e-06,389.0
5.153108903863957e-06,389.1111111111111
2.3703130264612258e-05,389.22222222222223
1.0427508926874464e-05,389.3333333333333
9.647588342324638e-06,389.4444444444444
4.965875672345564e-06,389.55555555555554
2.2792811390001504e-05,389.66666666666663
1.0419148418861426e-05,389.77777777777777
1.8962394143642812e-05,389.88888888888886
2.0185868299307252e-05,390.0
1.8202926511187446e-05,390.1111111111111
6.062997419762636e-06,390.22222222222223
3.165964619381275e-05,390.3333333333333
1.3333681976561924e-05,390.4444444444444
5.432326745498087e-06,390.55555555555554
2.0543873888285194e-05,390.66666666666663
2.3345689886120993e-06,390.77777777777777
3.282521522977843e-05,390.88888888888886
5.131959717201415e-06,391.0
1.8196458138514335e-05,391.1111111111111
1.1250195331762557e-05,391.22222222222223
1.486078773189008e-05,391.3333333333333
9.64602906100055e-06,391.4444444444444
2.3447552182591587e-05,391.55555555555554
1.120209020872217e-05,391.66666666666663
1.0999777180519185e-05,391.77777777777777
8.729443246562483e-06,391.88888888888886
1.5867078380636145e-05,392.0
9.544045347242936e-06,392.1111111111111
2.447069458776159e-05,392.22222222222223
1.3326092472172037e-05,392.3333333333333
1.892635803439113e-05,392.4444444444444
1.431039091351209e-05,392.55555555555554
1.1688780644820668e-05,392.66666666666663
5.438377387783954e-06,392.77777777777777
2.9606310043579925e-05,392.88888888888886
1.5452676749890347e-05,393.0
1.3440986570798565e-05,393.1111111111111
1.2585112840771326e-05,393.22222222222223
2.1999357231460336e-05,393.3333333333333
1.9806997836553595e-05,393.4444444444444
1.915043507357117e-05,393.55555555555554
1.1378398661804584e-05,393.66666666666663
7.544463575099972e-06,393.77777777777777
1.0602316949390532e-05,393.88888888888886
1.4412511655114304e-05,394.0
1.14260406184696e-05,394.1111111111111
1.2727361483528266e-05,394.22222222222223
1.953883500116765e-05,394.3333333333333
7.662022729027863e-06,394.4444444444444
1.6888266835509626e-05,394.55555555555554
9.852103148381474e-07,394.66666666666663
1.691017540750068e-05,394.77777777777777
1.338714667099751e-05,394.88888888888886
8.431081138678375e-06,395.0
2.279100220231781e-05,395.1111111111111
1.5947005624959704e-05,395.22222222222223
1.1304631847716376e-05,395.3333333333333
4.76133069831342e-06,395.4444444444444
2.6075927771925753e-05,395.55555555555554
1.3013681696633747e-05,395.66666666666663
2.0755732282905304e-05,395.77777777777777
4.375311997808953e-06,395.88888888888886
1.835158494767307e-05,396.0
1.6522374184488582e-05,396.1111111111111
1.4888241040542263e-05,396.22222222222223
2.1063188918107264e-05,396.3333333333333
1.805228467713713e-05,396.4444444444444
2.2689965951981385e-05,396.55555555555554
2.562987597613466e-06,396.66666666666663
1.9580196222673915e-05,396.77777777777777
4.220527379916781e-06,396.88888888888886
2.1101177190251997e-05,397.0
1.3359755128016764e-05,397.1111111111111
1.6383681832884002e-05,397.22222222222223
8.86190059004621e-06,397.3333333333333
2.288392523282306e-05,397.4444444444444
1.6315947927802695e-05,397.55555555555554
2.4208117399350027e-05,397.66666666666663
1.598230388613045e-05,397.77777777777777
2.5623416553914438e-05,397.88888888888886
2.2082579205441533e-05,398.0
9.55449747731948e-06,398.1111111111111
1.9066338131991102e-05,398.2222222222222
4.932105360877653e-06,398.3333333333333
1.0311744645653619e-05,398.4444444444444
4.9105802708294475e-06,398.55555555555554
5.147663210339495e-06,398.66666666666663
1.8555808285152518e-05,398.77777777777777
2.1147885463997835e-05,398.88888888888886
1.137070997794837e-05,399.0
1.6869082639187957e-05,399.1111111111111
1.2833471475965432e-05,399.2222222222222
4.17383045715996e-06,399.3333333333333
1.5114921081107044e-05,399.4444444444444
1.1034879134261748e-05,399.55555555555554
1.7612755772608857e-05,399.66666666666663
1.0719789567630925e-05,399.77777777777777
8.269162594867706e-06,399.88888888888886
9.815671256760962e-06,400.0
2.2301031809806595e-05,400.1111111111111
2.877436628331656e-05,400.2222222222222
4.402039005604064e-06,400.3333333333333
1.1646314541983315e-05,400.4444444444444
3.908595408105396e-06,400.55555555555554
7.2113950926647655e-06,400.66666666666663
2.2653816381758583e-05,400.77777777777777
1.5041311448471805e-05,400.88888888888886
3.673123053621194e-05,401.0
1.0908815047819324e-05,401.1111111111111
1.7274216035864573e-05,401.2222222222222
2.887570868404469e-05,401.3333333333333
1.5980433795347306e-05,401.4444444444444
3.26857944438626e-06,401.55555555555554
1.4087156972315664e-05,401.66666666666663
2.343503908581629e-05,401.77777777777777
2.0707413518564067e-05,401.88888888888886
1.9938793802005273e-05,402.0
1.2489069094498938e-05,402.1111111111111
1.0862735645360275e-05,402.2222222222222
1.552494813259798e-05,402.3333333333333
2.3516040061806204e-05,402.4444444444444
2.3201826277187883e-05,402.55555555555554
8.872995549356651e-06,402.66666666666663
1.5595227232179137e-05,402.77777777777777
2.471281381417573e-06,402.88888888888886
1.0436093355864844e-05,403.0
9.411553780251068e-06,403.1111111111111
1.8248957164978145e-05,403.2222222222222
2.805259237245678e-05,403.3333333333333
1.3442861211698638e-05,403.4444444444444
8.78231427910845e-06,403.55555555555554
1.7246392070667365e-05,403.66666666666663
1.9342528647568784e-05,403.77777777777777
1.3757283601900076e-05,403.88888888888886
1.2592195321505401e-05,404.0
1.520474211190964e-05,404.1111111111111
6.873079173613762e-06,404.2222222222222
1.412203384313747e-05,404.3333333333333
8.434482745647983e-06,404.4444444444444
7.95334149896013e-06,404.55555555555554
1.1260553770291915e-05,404.66666666666663
2.8861781739693154e-05,404.77777777777777
5.791122339863124e-06,404.88888888888886
4.179599610786835e-06,405.0
2.8985323154293344e-05,405.1111111111111
6.955179678250259e-06,405.2222222222222
1.8275600480345945e-05,405.3333333333333
1.182855043057926e-05,405.4444444444444
3.430358283929801e-05,405.55555555555554
3.0561555261625356e-05,405.66666666666663
1.1832190031882684e-05,405.77777777777777
2.5119069744215324e-05,405.88888888888886
6.556931673640821e-06,406.0
1.4047305875520999e-05,406.1111111111111
2.296428508153359e-05,406.2222222222222
1.1392355144459922e-05,406.3333333333333
1.1540244256239388e-05,406.4444444444444
7.474710922206716e-06,406.55555555555554
7.026368086405643e-06,406.66666666666663
4.1396279976214624e-05,406.77777777777777
2.561799890621836e-05,406.88888888888886
9.070449633642654e-06,407.0
2.049776379437683e-05,407.1111111111111
1.4478798385363547e-05,407.2222222222222
8.612348818613059e-06,407.3333333333333
2.6981263741084078e-05,407.4444444444444
2.6228960846184474e-05,407.55555555555554
2.78020453254421e-05,407.66666666666663
2.115487083917295e-05,407.77777777777777
1.5351504142596646e-05,407.88888888888886
2.823653951874888e-05,408.0
1.735321211732407e-05,408.1111111111111
2.5199919830847507e-05,408.2222222222222
1.9257348173994527e-05,408.3333333333333
2.094390917844367e-05,408.4444444444444
7.598384407565225e-06,408.55555555555554
1.0010732179392144e-05,408.66666666666663
2.479226538088132e-05,408.77777777777777
2.0048391390284296e-05,408.88888888888886
1.0677756532844252e-05,409.0
1.1577506862284184e-05,409.1111111111111
1.447421063936639e-05,409.2222222222222
3.5828108148716e-06,409.3333333333333
4.094594211901136e-06,409.4444444444444
2.1440456625344945e-05,409.55555555555554
1.2109931841166955e-05,409.66666666666663
1.5234146090891539e-05,409.77777777777777
1.1626996446074496e-05,409.88888888888886
6.516882099890819e-06,410.0
1.5995944263945957e-05,410.1111111111111
4.608757061975819e-06,410.2222222222222
1.6755769183113034e-05,410.3333333333333
2.9521614767202603e-05,410.4444444444444
3.652688195042159e-05,410.55555555555554
6.513410094811278e-06,410.66666666666663
6.0969782021130354e-06,410.77777777777777
1.682830604721774e-05,410.88888888888886
6.946753651754241e-06,411.0
8.753132381702225e-06,411.1111111111111
5.454881277756649e-06,411.2222222222222
2.2392254458945907e-05,411.3333333333333
1.6797720108987372e-05,411.4444444444444
2.1479442974804328e-05,411.55555555555554
3.179796200459221e-05,411.66666666666663
1.3450147413345843e-05,411.77777777777777
1.7038369451612483e-05,411.88888888888886
8.138895555211024e-06,412.0
8.678651005986063e-06,412.1111111111111
2.6963379250998017e-05,412.2222222222222
1.3072052555596064e-05,412.3333333333333
1.5589924030395097e-06,412.4444444444444
2.2524132744829096e-05,412.55555555555554
1.330041192092607e-05,412.66666666666663
4.300026393438223e-06,412.77777777777777
1.5074216983035955e-05,412.88888888888886
2.9374657653763357e-05,413.0
1.039197202655374e-05,413.1111111111111
2.3825900857938918e-05,413.2222222222222
9.906573623942999e-06,413.3333333333333
8.53188968529907e-07,413.4444444444444
1.9538924395575146e-05,413.55555555555554
3.6604414256047926e-05,413.66666666666663
5.161127759729059e-06,413.77777777777777
1.6824237678697185e-05,413.88888888888886
9.84210954808175e-06,414.0
2.543541837907465e-05,414.1111111111111
2.2247110594862904e-05,414.2222222222222
1.5003548229992182e-05,414.3333333333333
2.1641515571115407e-05,414.4444444444444
1.8895419809871817e-05,414.55555555555554
5.32291639067361e-06,414.66666666666663
2.281623860583793e-05,414.77777777777777
2.304560036081976e-05,414.88888888888886
3.9423163032762216e-05,415.0
9.519696993498263e-06,415.1111111111111
1.0023727933244883e-05,415.2222222222222
1.3606281649086637e-05,415.3333333333333
1.2409624588407144e-05,415.4444444444444
1.1504997929288904e-05,415.55555555555554
2.4705907520154838e-05,415.66666666666663
2.282131217219839e-06,415.77777777777777
2.010433267791295e-05,415.88888888888886
1.3651555469498069e-05,416.0
1.3000411474555811e-05,416.1111111111111
1.0231740761529847e-05,416.2222222222222
1.4995193558353342e-05,416.3333333333333
1.8770693224676296e-05,416.4444444444444
5.356305473164729e-06,416.55555555555554
8.417470851067895e-06,416.66666666666663
1.0709437641660874e-05,416.77777777777777
1.0296025092677486e-05,416.88888888888886
2.075575549788812e-05,417.0
9.279646538867298e-06,417.1111111111111
1.856071449037795e-05,417.2222222222222
4.045932381300148e-06,417.3333333333333
1.3798292329098042e-05,417.4444444444444
1.6732919127708088e-05,417.55555555555554
8.861425838871869e-06,417.66666666666663
2.6066926825503298e-05,417.77777777777777
1.3484225835444588e-05,417.88888888888886
1.803067848958864e-05,418.0
1.870386176416702e-05,418.1111111111111
1.3161702831028306e-05,418.2222222222222
9.397322092449124e-06,418.3333333333333
1.4388533715695539e-05,418.4444444444444
2.548400930447079e-05,418.55555555555554
1.6286892363846255e-05,418.66666666666663
1.7866314413924602e-05,418.77777777777777
1.0325939158539369e-05,418.88888888888886
1.6940858645554317e-05,419.0
1.2331162856302768e-05,419.1111111111111
1.4611103861781839e-05,419.2222222222222
1.0554619098096968e-05,419.3333333333333
7.448042033013817e-06,419.4444444444444
1.724862478295191e-06,419.55555555555554
1.4824113955802569e-05,419.66666666666663
3.741149501301348e-06,419.77777777777777
1.4352065854094324e-05,419.88888888888886
1.7984091168733698e-05,420.0
3.688845049622517e-05,420.1111111111111
1.844514789654283e-05,420.2222222222222
1.538330913253259e-05,420.3333333333333
8.159652132650407e-06,420.4444444444444
9.129973815334486e-06,420.55555555555554
2.4227829325189663e-06,420.66666666666663
9.553013992619707e-06,420.77777777777777
2.9568692484612545e-05,420.88888888888886
1.7220321705115426e-05,421.0
2.3523176993261032e-05,421.1111111111111
1.9461498561870484e-05,421.2222222222222
3.0301770241535632e-05,421.3333333333333
1.2981396368295782e-05,421.4444444444444
1.7750213779951974e-05,421.55555555555554
6.111731021191979e-06,421.66666666666663
1.5811291152030065e-05,421.77777777777777
1.606213842909977e-05,421.88888888888886
1.0461764241389384e-05,422.0
4.161465147066006e-05,422.1111111111111
1.1252426706414946e-05,422.2222222222222
6.9049593855228805e-06,422.3333333333333
1.4219012635096664e-05,422.4444444444444
4.1977905301854e-06,422.55555555555554
1.2609766893370775e-05,422.66666666666663
1.2713298049040455e-05,422.77777777777777
7.2597621833029795e-06,422.88888888888886
2.1300909983851258e-05,423.0
1.751235940032998e-05,423.1111111111111
1.8750526611778244e-05,423.2222222222222
1.1944652541240956e-05,423.3333333333333
1.4387954692190152e-05,423.4444444444444
1.1214368206352469e-05,423.55555555555554
1.139009135297724e-05,423.66666666666663
2.2672063966398627e-05,423.77777777777777
3.704529761998864e-05,423.88888888888886
1.9381074011101148e-05,424.0
1.0555018328958553e-05,424.1111111111111
1.3978787024533859e-05,424.2222222222222
1.442693775295368e-05,424.3333333333333
2.031218230478437e-05,424.4444444444444
2.12009360764623e-05,424.55555555555554
9.107115312553378e-06,424.66666666666663
3.316147301506882e-05,424.77777777777777
2.9423348794837613e-05,424.88888888888886
2.3088483236141948e-05,425.0
1.895968483751496e-05,425.1111111111111
2.5556869101769712e-05,425.2222222222222
1.55301616928725e-05,425.3333333333333
1.0196469814070907e-05,425.4444444444444
1.4506110483024347e-05,425.55555555555554
2.7432481247526338e-05,425.66666666666663
1.6982876724033284e-05,425.77777777777777
1.8620184329893927e-05,425.88888888888886
2.175446358231284e-05,426.0
1.0737259900009833e-05,426.1111111111111
1.7005909788043774e-05,426.2222222222222
1.5719569934792543e-05,426.3333333333333
2.7678732988529788e-05,426.4444444444444
1.9913545811363954e-05,426.55555555555554
1.689229346384936e-05,426.66666666666663
2.203826458668952e-05,426.77777777777777
1.5695023093029508e-05,426.88888888888886
1.351775727715974e-05,427.0
3.93073863004634e-06,427.1111111111111
4.683324938336058e-06,427.2222222222222
5.2633978135895975e-06,427.3333333333333
4.953427058049617e-06,427.4444444444444
9.718544057196317e-06,427.55555555555554
7.098075701942102e-06,427.66666666666663
1.5829117448575656e-05,427.77777777777777
2.188202228997041e-05,427.88888888888886
8.071068360456418e-06,428.0
1.0899373072027325e-05,428.1111111111111
3.747906992369853e-06,428.2222222222222
1.6079439219267578e-05,428.3333333333333
1.5480173084109427e-05,428.4444444444444
1.6230842430057772e-05,428.55555555555554
2.464667098439217e-06,428.66666666666663
1.1680584503000503e-05,428.77777777777777
1.1052934394071854e-05,428.88888888888886
1.7581335708524127e-05,429.0
1.4521292634542138e-05,429.1111111111111
1.544710833383253e-05,429.2222222222222
2.796296768664188e-05,429.3333333333333
3.430132399091209e-05,429.4444444444444
1.1942780057485982e-05,429.55555555555554
3.2952311744578603e-06,429.66666666666663
4.273468490069763e-06,429.77777777777777
1.9197548536941328e-06,429.88888888888886
4.169930799587325e-06,430.0
9.73274612974823e-06,430.1111111111111
1.3935561608492195e-05,430.2222222222222
1.0388369098112853e-05,430.3333333333333
1.131400014383657e-05,430.4444444444444
2.3292462646357518e-06,430.55555555555554
4.5428494024347416e-06,430.66666666666663
1.4152249882715032e-05,430.77777777777777
1.1862509184477465e-05,430.88888888888886
7.916140250164601e-06,431.0
2.1647009550856835e-05,431.1111111111111
7.956121839329155e-06,431.2222222222222
1.3279306591928987e-05,431.3333333333333
3.206989466669274e-05,431.4444444444444
1.9847174770384052e-05,431.55555555555554
2.6756897688044453e-05,431.66666666666663
2.35853335295782e-06,431.77777777777777
2.5033848922630897e-05,431.88888888888886
1.3320865891027406e-05,432.0
1.0490568101473553e-05,432.1111111111111
9.428812211689434e-06,432.2222222222222
1.668506955714478e-05,432.3333333333333
9.969928471834771e-06,432.4444444444444
1.2767284057268137e-05,432.55555555555554
1.739377340979017e-05,432.66666666666663
5.323134317017713e-06,432.77777777777777
2.589242679957993e-05,432.88888888888886
1.9980697890091266e-05,433.0
1.2520162208983654e-05,433.1111111111111
2.070653544557016e-05,433.2222222222222
2.013705284797043e-05,433.3333333333333
1.1925476278967859e-05,433.4444444444444
1.3415187275400228e-05,433.55555555555554
7.639614870677556e-06,433.66666666666663
1.883586933309748e-05,433.77777777777777
9.024842197576732e-06,433.88888888888886
3.0877014952437703e-06,434.0
2.017151568832621e-05,434.1111111111111
1.7297067211999052e-05,434.2222222222222
2.7630188771791433e-05,434.3333333333333
1.378932540361573e-05,434.4444444444444
8.168371944181662e-06,434.55555555555554
6.266552539556218e-06,434.66666666666663
1.3952604370684784e-05,434.77777777777777
2.8271378534084602e-05,434.88888888888886
9.649592866722694e-06,435.0
1.5343674070872303e-05,435.1111111111111
1.0058075736998595e-05,435.2222222222222
1.6216994447740394e-05,435.3333333333333
5.141815340370908e-06,435.4444444444444
2.2030380939509582e-05,435.55555555555554
8.97003784321825e-06,435.66666666666663
1.413395933654688e-05,435.77777777777777
2.2495422997883757e-05,435.88888888888886
5.740526791987019e-06,436.0
5.6417441296862026e-06,436.1111111111111
1.13633720459983e-05,436.2222222222222
1.7811518058865788e-05,436.3333333333333
1.1057655271726434e-05,436.4444444444444
1.730565124133319e-05,436.55555555555554
1.889918785543851e-05,436.66666666666663
1.4561794455606985e-05,436.77777777777777
1.2303132393450556e-05,436.88888888888886
7.216520257610446e-07,437.0
1.1437018774596922e-05,437.1111111111111
1.9178805608367534e-05,437.2222222222222
2.700049528698172e-05,437.3333333333333
9.437434572974382e-06,437.4444444444444
1.265706571631784e-05,437.55555555555554
6.988021315901673e-06,437.66666666666663
1.4477175827787197e-05,437.77777777777777
1.5020105737624296e-05,437.88888888888886
1.3185507606610355e-05,438.0
2.3866180897283415e-05,438.1111111111111
1.638059079107173e-06,438.2222222222222
1.769343520365137e-05,438.3333333333333
1.999616649380261e-05,438.4444444444444
2.1283383401028627e-05,438.55555555555554
5.446839842296113e-06,438.66666666666663
9.647654006009562e-06,438.77777777777777
3.594331922534171e-05,438.88888888888886
1.9185704258186958e-05,439.0
1.2518617689902932e-05,439.1111111111111
1.1141524864438689e-05,439.2222222222222
1.5739897022247314e-05,439.3333333333333
1.2104279536597789e-05,439.4444444444444
1.5568100105362714e-05,439.55555555555554
4.342984593711295e-05,439.66666666666663
2.715723363057605e-05,439.77777777777777
4.633246365722705e-06,439.88888888888886
1.5720746930205785e-05,440.0
1.7005836071493485e-05,440.1111111111111
1.030888078112266e-05,440.2222222222222
1.9057495633577068e-05,440.3333333333333
1.1960563938480587e-05,440.4444444444444
2.7338974327382353e-05,440.55555555555554
9.278067256853588e-06,440.66666666666663
1.5997377746038194e-05,440.77777777777777
2.426973181879678e-05,440.88888888888886
9.222392027630792e-06,441.0
6.6282522264917075e-06,441.1111111111111
1.0949232731530863e-05,441.2222222222222
8.833615608194187e-06,441.3333333333333
2.628638613272569e-05,441.4444444444444
2.2551654460133952e-05,441.55555555555554
1.103844731099254e-05,441.66666666666663
1.5193339721427281e-05,441.77777777777777
1.1419953352685809e-05,441.88888888888886
1.0748103353392206e-05,442.0
6.252217450597519e-06,442.1111111111111
1.6288073230524255e-05,442.2222222222222
1.7667911992885933e-05,442.3333333333333
9.358222762681566e-06,442.4444444444444
1.1201595908938343e-05,442.55555555555554
2.094418028259428e-05,442.66666666666663
1.2226830470306462e-05,442.77777777777777
6.028672921121567e-06,442.88888888888886
2.7927071014015878e-05,443.0
8.809700875495953e-06,443.1111111111111
1.1229643699666898e-05,443.2222222222222
1.9528672893501617e-05,443.3333333333333
1.0347108021953972e-05,443.4444444444444
6.084247744754888e-06,443.55555555555554
1.4563255580394152e-05,443.66666666666663
3.486484235006619e-06,443.77777777777777
7.180667753909468e-06,443.88888888888886
1.7171406571706883e-05,444.0
1.689037110852825e-05,444.1111111111111
6.95559714929298e-06,444.2222222222222
1.7119444222153836e-05,444.3333333333333
1.8696825764103934e-05,444.4444444444444
2.6596185626696923e-05,444.55555555555554
3.854186414086086e-06,444.66666666666663
2.2528869726998566e-05,444.77777777777777
1.3586248242525125e-05,444.88888888888886
3.2948593339844786e-06,445.0
2.976655436694198e-05,445.1111111111111
1.6684049021856495e-05,445.2222222222222
1.5653540266417982e-05,445.3333333333333
1.619792387465137e-05,445.4444444444444
6.468763168391027e-06,445.55555555555554
2.0449896167211695e-05,445.66666666666663
2.5563149176635558e-05,445.77777777777777
1.6768813812670552e-05,445.88888888888886
9.093728943726036e-06,446.0
1.5784348295468343e-05,446.1111111111111
1.9925591890314206e-05,446.2222222222222
1.6701885228020313e-05,446.3333333333333
1.7968280359795043e-05,446.4444444444444
1.7594712244970072e-05,446.55555555555554
8.639003413053365e-06,446.66666666666663
2.157593227830778e-05,446.77777777777777
1.2932223650781547e-05,446.88888888888886
1.3194892038542153e-05,447.0
1.2301181036015236e-05,447.1111111111111
4.1097697760936205e-06,447.2222222222222
2.167554244833688e-05,447.3333333333333
2.8049122244939664e-05,447.4444444444444
1.693050220215282e-05,447.55555555555554
2.828578391773823e-05,447.66666666666663
1.413792493508171e-05,447.77777777777777
1.649247295425992e-05,447.88888888888886
1.6132307698341366e-05,448.0
1.6690312556091541e-06,448.1111111111111
1.104969278575779e-05,448.2222222222222
2.848876756043561e-05,448.3333333333333
2.4380457980369493e-05,448.4444444444444
8.45636208082934e-06,448.55555555555554
1.6553217974253023e-05,448.66666666666663
2.144711945072238e-05,448.77777777777777
6.643359634103649e-06,448.88888888888886
7.693034476507033e-06,449.0
2.0854460961999725e-05,449.1111111111111
1.4366883261249101e-05,449.2222222222222
2.3630002238660574e-05,449.3333333333333
5.6380804567147955e-06,449.4444444444444
1.3220700670143344e-05,449.55555555555554
2.3312924364458095e-05,449.66666666666663
5.00855290869892e-06,449.77777777777777
1.5693389962887604e-05,449.88888888888886
4.749458337026632e-06,450.0
2.871629029806025e-05,450.1111111111111
1.9444667507174655e-05,450.2222222222222
2.4039377411528616e-05,450.3333333333333
3.2691134423368117e-05,450.4444444444444
2.467335369155619e-05,450.55555555555554
1.6234673414098374e-05,450.66666666666663
1.1781631816347148e-05,450.77777777777777
1.5336678023648192e-05,450.88888888888886
1.1941403861538399e-05,451.0
1.7553737580290914e-05,451.1111111111111
8.641248916815705e-06,451.2222222222222
1.71400501897595e-05,451.3333333333333
1.307748527169962e-05,451.4444444444444
2.38825715877208e-05,451.55555555555554
9.160562911883581e-06,451.66666666666663
1.179784787292939e-05,451.77777777777777
1.2356088100839026e-05,451.88888888888886
1.584760760842639e-05,452.0
1.3696902046290992e-05,452.1111111111111
2.870862568541417e-05,452.2222222222222
1.5874761358813364e-05,452.3333333333333
1.7490780313821933e-05,452.4444444444444
2.6544488106857896e-05,452.55555555555554
1.714996277738065e-05,452.66666666666663
2.2437731371796756e-05,452.77777777777777
1.2257381430318292e-05,452.88888888888886
3.0267893368457583e-05,453.0
7.241555081604702e-06,453.1111111111111
2.266930363317875e-05,453.2222222222222
2.0694232948587417e-05,453.3333333333333
1.2955297504217263e-05,453.4444444444444
9.039749162851605e-06,453.55555555555554
1.2915167880666506e-05,453.66666666666663
1.9829451357761617e-05,453.77777777777777
2.531068096156907e-06,453.88888888888886
1.8416818597548292e-05,454.0
2.7238104259563774e-05,454.1111111111111
1.3458239058785494e-06,454.2222222222222
1.6164733811021994e-05,454.3333333333333
6.310872977823318e-06,454.4444444444444
4.98880548999908e-06,454.55555555555554
1.2464619743323791e-05,454.66666666666663
1.128221140868421e-05,454.77777777777777
4.61205683844303e-06,454.88888888888886
1.5520987395197134e-05,455.0
5.7608588082206045e-06,455.1111111111111
1.5693688307958766e-05,455.2222222222222
1.9494882328286927e-05,455.3333333333333
1.596914541400135e-05,455.4444444444444
3.277174217738665e-05,455.55555555555554
8.122491879610323e-06,455.66666666666663
2.2401774496687054e-05,455.77777777777777
1.4635072052333417e-05,455.88888888888886
2.4780725549852918e-05,456.0
1.6384125105147065e-05,456.1111111111111
2.288325819547049e-05,456.2222222222222
6.084273350632115e-06,456.3333333333333
7.001069958655755e-06,456.4444444444444
1.0837102795906278e-05,456.55555555555554
2.562746575197309e-05,456.66666666666663
1.416895578937076e-05,456.77777777777777
1.1547774595912878e-05,456.88888888888886
2.2594151980693287e-05,457.0
2.3875968955055454e-05,457.1111111111111
1.3383769780904447e-05,457.2222222222222
2.5248523144464586e-05,457.3333333333333
1.0525194301279156e-05,457.4444444444444
1.9712644374358343e-05,457.55555555555554
1.5813825538505278e-05,457.66666666666663
1.3375215784441859e-05,457.77777777777777
1.1935349613626467e-05,457.88888888888886
3.093638075718235e-05,458.0
2.4687842190322915e-05,458.1111111111111
3.3761541580299634e-05,458.2222222222222
2.6534991203567948e-05,458.3333333333333
1.53966164161747e-05,458.4444444444444
1.8617619325639294e-05,458.55555555555554
1.7938904623098866e-05,458.66666666666663
1.0138305040126952e-05,458.77777777777777
1.8942452663369163e-05,458.88888888888886
1.1144302073358662e-05,459.0
1.9688854737612016e-05,459.1111111111111
1.8515692932373297e-05,459.2222222222222
2.6548924939948496e-05,459.3333333333333
1.2597058600223039e-05,459.4444444444444
1.743443738080626e-05,459.55555555555554
7.597557461506166e-06,459.66666666666663
1.6847135511520275e-05,459.77777777777777
1.9864461238872855e-05,459.88888888888886
1.3604790595972883e-05,460.0
3.115435827172721e-05,460.1111111111111
8.92447215355264e-06,460.2222222222222
7.94359445645043e-06,460.3333333333333
5.883121433394801e-06,460.4444444444444
8.292922950225643e-06,460.55555555555554
2.352037874531855e-05,460.66666666666663
1.0857970172387384e-05,460.77777777777777
1.3997259037792726e-05,460.88888888888886
2.2314937582369575e-05,461.0
2.4839675507428853e-05,461.1111111111111
1.8229439031200976e-05,461.2222222222222
2.386713878408958e-05,461.3333333333333
1.4930488591294188e-05,461.4444444444444
1.711292512827861e-05,461.55555555555554
6.8289929474765595e-06,461.66666666666663
7.610866512323948e-06,461.77777777777777
1.2847020901338874e-05,461.88888888888886
1.0296729146867146e-05,462.0
2.0955989580250912e-05,462.1111111111111
1.8211180559423843e-05,462.2222222222222
1.4400492730522549e-05,462.3333333333333
1.5360461840267946e-05,462.4444444444444
1.823543216058511e-05,462.55555555555554
1.634469253451221e-05,462.66666666666663
1.3258491363711095e-05,462.77777777777777
1.0835041393030368e-05,462.88888888888886
6.6305171511532625e-06,463.0
8.483793917712091e-06,463.1111111111111
2.564653081055618e-05,463.2222222222222
1.4984349794504152e-05,463.3333333333333
1.0528974161067751e-05,463.4444444444444
9.1858535548103e-06,463.55555555555554
9.460779129446289e-06,463.66666666666663
1.5834136789666136e-05,463.77777777777777
1.560125778035401e-05,463.88888888888886
1.5795736192628527e-05,464.0
2.2527741008931783e-05,464.1111111111111
8.928397990640688e-06,464.2222222222222
7.136902534826598e-06,464.3333333333333
3.9669116436316646e-05,464.4444444444444
5.305444599001876e-06,464.55555555555554
2.6346790385871435e-05,464.66666666666663
1.4985077531475802e-05,464.77777777777777
1.548475009699381e-05,464.88888888888886
1.112514565237922e-05,465.0
1.1343189490466225e-05,465.1111111111111
9.083561293240417e-06,465.2222222222222
1.8411415044753544e-05,465.3333333333333
3.046728022574759e-05,465.4444444444444
7.965947796400207e-06,465.55555555555554
9.202375001915326e-06,465.66666666666663
1.3524588147653111e-05,465.77777777777777
2.0250241034069427e-05,465.88888888888886
3.642936413752895e-06,466.0
2.0462888319868027e-05,466.1111111111111
2.9294443780755997e-05,466.2222222222222
3.475542023402906e-05,466.3333333333333
7.093267123550177e-06,466.4444444444444
2.306049437857827e-05,466.55555555555554
2.945084422922805e-05,466.66666666666663
1.8459467146225708e-05,466.77777777777777
2.7307405303785333e-05,466.88888888888886
6.0836880729075e-06,467.0
1.5226082378814983e-05,467.1111111111111
1.3485598382396876e-05,467.2222222222222
9.253413727783853e-06,467.3333333333333
1.7280326599926795e-05,467.4444444444444
9.975288624524849e-06,467.55555555555554
1.2060371664291433e-05,467.66666666666663
2.027823705448478e-05,467.77777777777777
2.26779052546427e-05,467.88888888888886
6.769629904354698e-06,468.0
7.976688071190246e-06,468.1111111111111
2.0578159595871348e-05,468.2222222222222
6.847458848492991e-06,468.3333333333333
1.1804202238903264e-05,468.4444444444444
1.8074802902233481e-06,468.55555555555554
2.239302863327711e-05,468.66666666666663
1.0165948891086143e-05,468.77777777777777
2.5051397202457975e-05,468.88888888888886
4.915705441618583e-06,469.0
1.0736936315503375e-05,469.1111111111111
1.0042332577984693e-05,469.2222222222222
1.837842963854392e-05,469.3333333333333
9.199506748953553e-06,469.4444444444444
8.28678478075551e-06,469.55555555555554
7.799822649661385e-06,469.66666666666663
1.3075599947290846e-05,469.77777777777777
1.7475472982914646e-05,469.88888888888886
2.5374327640024006e-05,470.0
1.2508539535799238e-05,470.1111111111111
1.0043239218293319e-05,470.2222222222222
3.555949548648359e-06,470.3333333333333
1.7903018823860288e-05,470.4444444444444
1.092547268314659e-05,470.55555555555554
3.166614089102905e-05,470.66666666666663
1.2752378702767292e-05,470.77777777777777
1.275758213613019e-05,470.88888888888886
1.1738721711457302e-05,471.0
5.272641779143049e-06,471.1111111111111
9.470199807270788e-06,471.2222222222222
2.5285415181667664e-05,471.3333333333333
2.0764748046634018e-05,471.4444444444444
1.6936934748229773e-05,471.55555555555554
2.001663600223105e-05,471.66666666666663
1.5050567656394871e-05,471.77777777777777
2.2514757984684426e-05,471.88888888888886
1.4248516223237517e-05,472.0
1.3514806746082466e-05,472.1111111111111
1.6193735557144907e-06,472.2222222222222
1.4037081566705502e-05,472.3333333333333
1.0848295009530129e-05,472.4444444444444
8.46883012772073e-06,472.55555555555554
1.8145061502914046e-05,472.66666666666663
2.3814019128071088e-05,472.77777777777777
2.0849732688399738e-05,472.88888888888886
9.556531725361249e-06,473.0
1.0260270857342206e-05,473.1111111111111
1.1295025241635795e-05,473.2222222222222
1.3922361979755543e-05,473.3333333333333
1.57866916687544e-05,473.4444444444444
1.5563998633802764e-05,473.55555555555554
1.8797971072619602e-06,473.66666666666663
5.732739171223533e-06,473.77777777777777
2.0382909806714435e-05,473.88888888888886
6.048384300576127e-06,474.0
1.028880801015504e-05,474.1111111111111
1.838955941991625e-06,474.2222222222222
1.2762214501514174e-05,474.3333333333333
2.5331293999032562e-05,474.4444444444444
7.181011219647089e-06,474.55555555555554
2.5264316464441492e-06,474.66666666666663
1.759892780210047e-05,474.77777777777777
1.9008456897491678e-05,474.88888888888886
6.152080486583721e-06,475.0
9.09265832284219e-06,475.1111111111111
2.3119381405791586e-05,475.2222222222222
1.822555075707038e-05,475.3333333333333
6.156194758288872e-06,475.4444444444444
8.16867127120421e-06,475.55555555555554
2.877711926487656e-05,475.66666666666663
9.575213052742009e-06,475.77777777777777
2.484775969686796e-05,475.88888888888886
1.5061112964333807e-05,476.0
3.013018571484781e-05,476.1111111111111
2.2367014775651596e-05,476.2222222222222
2.882768852629641e-05,476.3333333333333
1.1253263924961371e-05,476.4444444444444
9.700681164900203e-06,476.55555555555554
1.9826755046801872e-05,476.66666666666663
1.778167511793914e-05,476.77777777777777
4.7246194044281986e-07,476.88888888888886
1.7600226734513056e-05,477.0
4.5852427525295555e-06,477.1111111111111
6.219399029543172e-06,477.2222222222222
1.0711536125270616e-05,477.3333333333333
1.4475702076624413e-05,477.4444444444444
2.2996683693147552e-05,477.55555555555554
2.5492402400682524e-05,477.66666666666663
1.788835809558394e-06,477.77777777777777
4.265435639036902e-06,477.88888888888886
6.9320806662230425e-06,478.0
1.74408820436576e-05,478.1111111111111
1.5488012857574253e-05,478.2222222222222
2.1619532034808015e-05,478.3333333333333
1.9321178033824808e-05,478.4444444444444
8.838491956620615e-06,478.55555555555554
2.0661993928775483e-05,478.66666666666663
2.2826882184660037e-06,478.77777777777777
2.3610445021332118e-05,478.88888888888886
2.666635254830615e-05,479.0
8.65585361629062e-06,479.1111111111111
2.1672811752256087e-05,479.2222222222222
1.1193813248083926e-05,479.3333333333333
3.6474899670227067e-07,479.4444444444444
1.7746606300535733e-05,479.55555555555554
1.9814137268982714e-05,479.66666666666663
1.959941657489136e-05,479.77777777777777
1.0290731981231871e-05,479.88888888888886
5.717051504899156e-06,480.0
1.2135366030264175e-05,480.1111111111111
2.6037303938316062e-05,480.2222222222222
2.3480906462463354e-05,480.3333333333333
1.7045809419076876e-05,480.4444444444444
1.0661871747921354e-05,480.55555555555554
8.553471883028093e-06,480.66666666666663
1.8859610939052864e-05,480.77777777777777
1.997853529524152e-05,480.88888888888886
5.287704772951677e-06,481.0
1.2858412678269203e-05,481.1111111111111
2.1659380874243162e-05,481.2222222222222
1.6937468384706367e-05,481.3333333333333
1.4022558800600482e-05,481.4444444444444
1.083239474868212e-05,481.55555555555554
2.3234051053663397e-05,481.66666666666663
1.1040742055163945e-05,481.77777777777777
2.8254553886548996e-05,481.88888888888886
7.646815578143347e-06,482.0
2.4403128636276442e-05,482.1111111111111
1.3158607317760248e-05,482.2222222222222
1.2519194848382554e-05,482.3333333333333
6.966888368587416e-06,482.4444444444444
1.7483994215252936e-05,482.55555555555554
1.196351655397155e-05,482.66666666666663
3.0288833454204536e-05,482.77777777777777
9.076777417499886e-06,482.88888888888886
6.758918313951873e-06,483.0
1.103124950971532e-05,483.1111111111111
1.0145154407459782e-05,483.2222222222222
8.728738017058234e-06,483.3333333333333
2.6395010431813075e-05,483.4444444444444
1.3175460840204003e-05,483.55555555555554
1.4106004879759965e-05,483.66666666666663
6.206666463505556e-06,483.77777777777777
1.4071524956670584e-05,483.88888888888886
7.951431317410484e-06,484.0
7.3479716026577515e-06,484.1111111111111
2.7765374823377817e-05,484.2222222222222
2.1929359022485498e-05,484.3333333333333
9.065417381990654e-06,484.4444444444444
5.8792088060280244e-06,484.55555555555554
1.8576406981709445e-05,484.66666666666663
7.738805896288264e-06,484.77777777777777
1.3195978958142735e-05,484.88888888888886
2.1845780433772198e-05,485.0
1.5409937808934616e-05,485.1111111111111
1.1858695640790321e-05,485.2222222222222
1.6753825059202013e-05,485.3333333333333
2.6961085891709702e-06,485.4444444444444
2.4344844884557257e-05,485.55555555555554
1.0122257126395829e-05,485.66666666666663
1.3332278783957505e-05,485.77777777777777
2.6048878624285593e-05,485.88888888888886
1.924414944466608e-05,486.0
2.1519059457530122e-06,486.1111111111111
3.3175540652172934e-05,486.2222222222222
8.872119329315058e-06,486.3333333333333
2.7597723818943913e-05,486.4444444444444
2.7920743538637802e-05,486.55555555555554
2.322289285976336e-05,486.66666666666663
8.807039942869264e-06,486.77777777777777
5.422786312931643e-06,486.88888888888886
2.6447009173656232e-05,487.0
1.2810022318470503e-05,487.1111111111111
1.8260732070117557e-05,487.2222222222222
4.041685719978396e-05,487.3333333333333
2.394310329361468e-05,487.4444444444444
3.294731410391387e-05,487.55555555555554
8.921535958874281e-06,487.66666666666663
1.620656794945748e-05,487.77777777777777
2.7934920825556966e-05,487.88888888888886
5.109235018794215e-06,488.0
1.863992667258995e-05,488.1111111111111
1.598557772583447e-05,488.2222222222222
4.4874833786736e-06,488.3333333333333
2.387054836520661e-05,488.4444444444444
1.0885721083997436e-05,488.55555555555554
3.278384059734276e-05,488.66666666666663
1.8065361322827602e-05,488.77777777777777
1.7486381678121442e-05,488.88888888888886
8.651644322172784e-06,489.0
2.064915224511767e-05,489.1111111111111
2.55810900748065e-05,489.2222222222222
3.720007367480654e-05,489.3333333333333
1.4338937114790697e-05,489.4444444444444
1.592754888683023e-05,489.55555555555554
9.417731252805182e-06,489.66666666666663
2.654002885191331e-06,489.77777777777777
1.9565856679378823e-05,489.88888888888886
1.0509852409968996e-05,490.0
2.046204108637749e-06,490.1111111111111
4.739783085795718e-06,490.2222222222222
1.3451134917833223e-05,490.3333333333333
1.2478478701410906e-05,490.4444444444444
1.1679950001775394e-05,490.55555555555554
1.2836572889064548e-05,490.66666666666663
9.409847599791289e-06,490.77777777777777
1.8520135178031653e-05,490.88888888888886
1.2865180505869982e-05,491.0
1.70263475324255e-05,491.1111111111111
1.8288408462105554e-05,491.2222222222222
7.686255827384817e-06,491.3333333333333
4.009579286173868e-06,491.4444444444444
1.69234987892676e-05,491.55555555555554
2.368405264090114e-05,491.66666666666663
5.782070827975113e-06,491.77777777777777
1.4966029341327596e-05,491.88888888888886
2.9654881023342027e-05,492.0
1.4088192793683422e-05,492.1111111111111
2.4633011985010633e-05,492.2222222222222
1.1200821092149423e-05,492.3333333333333
2.848421502036838e-05,492.4444444444444
1.5434543802499482e-05,492.55555555555554
1.4771175772674124e-05,492.66666666666663
6.6890192241044655e-06,492.77777777777777
1.2149347298089259e-05,492.88888888888886
7.502782984320146e-07,493.0
3.092079167313241e-05,493.1111111111111
1.9818152712535223e-05,493.2222222222222
1.5231998171725722e-05,493.3333333333333
1.6777040569426676e-05,493.4444444444444
1.1295434763290996e-05,493.55555555555554
2.0373963929628963e-05,493.66666666666663
1.7782967098706327e-05,493.77777777777777
1.6416252176282592e-05,493.88888888888886
1.775653249778641e-05,494.0
1.5092774875321604e-05,494.1111111111111
3.5673083066249566e-05,494.2222222222222
1.951122674556884e-06,494.3333333333333
1.180082151653539e-05,494.4444444444444
1.4220032866071719e-05,494.55555555555554
1.1211249547307953e-05,494.66666666666663
1.8270195149041698e-05,494.77777777777777
1.3686545365188775e-05,494.88888888888886
8.630715918272295e-06,495.0
2.3549610024562427e-05,495.1111111111111
1.093862540413507e-05,495.2222222222222
1.1836532783165203e-05,495.3333333333333
2.0928028407125817e-05,495.4444444444444
9.966306199254831e-07,495.55555555555554
2.6030736719807697e-05,495.66666666666663
1.1240875679806283e-05,495.77777777777777
1.4012315694612029e-05,495.88888888888886
1.1987711939082959e-05,496.0
9.147738057814032e-06,496.1111111111111
2.0562823463955177e-05,496.2222222222222
5.704116560868831e-06,496.3333333333333
7.91565257641512e-06,496.4444444444444
7.916671826404695e-06,496.55555555555554
4.377624435744582e-06,496.66666666666663
1.4169075544248726e-05,496.77777777777777
1.287273046089643e-05,496.88888888888886
2.4833419251702942e-05,497.0
1.776214826577877e-05,497.1111111111111
1.5322052473109933e-05,497.2222222222222
4.147716459079709e-06,497.3333333333333
1.0547779557886836e-05,497.4444444444444
1.6401223678661874e-05,497.55555555555554
2.02057252867976e-05,497.66666666666663
2.8488674597135103e-05,497.77777777777777
1.809020607991371e-05,497.88888888888886
1.3883595783009269e-05,498.0
3.3492874775150876e-06,498.1111111111111
7.163796045142501e-06,498.2222222222222
2.3002804505621697e-06,498.3333333333333
2.5071731475914942e-05,498.4444444444444
1.5840237919924265e-05,498.55555555555554
1.4511433440942459e-05,498.66666666666663
3.0507524578944066e-05,498.77777777777777
1.6838985278722295e-05,498.88888888888886
2.5331347835853608e-05,499.0
9.72655613586636e-06,499.1111111111111
1.8515723499242645e-05,499.2222222222222
1.420211407070259e-05,499.3333333333333
1.8424432709385824e-05,499.4444444444444
2.058239649169676e-05,499.55555555555554
5.69446708308232e-06,499.66666666666663
2.771204522313169e-05,499.77777777777777
1.5441367781752854e-05,499.88888888888886
4.222222222222226e-05,500.0
