Amplitude,Frequency
0.003027777777777778,0.0
2.780416745469849e-05,0.1111111111111111
2.9100004225082458e-05,0.2222222222222222
2.0184765405504763e-05,0.3333333333333333
1.925982261859345e-05,0.4444444444444444
1.8632342466381446e-05,0.5555555555555556
4.29555060727776e-05,0.6666666666666666
2.6925026662029634e-05,0.7777777777777777
1.2986799404930615e-05,0.8888888888888888
7.312952743325188e-06,1.0
4.249485956908194e-05,1.1111111111111112
1.6580894168612224e-05,1.222222222222222
8.655648856924468e-06,1.3333333333333333
1.5702866631663852e-05,1.4444444444444444
1.2326644798952894e-05,1.5555555555555554
2.0219256393994415e-05,1.6666666666666665
1.610074841269846e-05,1.7777777777777777
8.707793737719358e-06,1.8888888888888888
2.264232773558952e-05,2.0
2.552410720999046e-05,2.111111111111111
1.1113660234630448e-05,2.2222222222222223
2.720432314377593e-05,2.333333333333333
1.0921853021221092e-05,2.444444444444444
2.4775236740853208e-05,2.5555555555555554
2.2909880747308405e-05,2.6666666666666665
3.1531410790887214e-05,2.7777777777777777
3.417388162058244e-05,2.888888888888889
3.435997462432977e-05,3.0
2.2556919981916662e-05,3.1111111111111107
1.296840657487351e-05,3.222222222222222
2.6038972661760068e-05,3.333333333333333
1.7888051812563245e-05,3.444444444444444
3.8450810703821945e-05,3.5555555555555554
3.554885014442819e-05,3.6666666666666665
3.1155056713031395e-05,3.7777777777777777
3.106840663971102e-05,3.888888888888889
1.395299615893713e-05,4.0
1.643722197485354e-05,4.111111111111111
3.694984377719926e-05,4.222222222222222
1.7451966058531093e-05,4.333333333333333
2.3940191796424223e-05,4.444444444444445
1.4263023852115242e-05,4.555555555555555
3.0948203486069346e-05,4.666666666666666
1.838055205144981e-05,4.777777777777778
8.651322255453756e-06,4.888888888888888
1.1661884314361176e-05,5.0
1.2964009376093489e-05,5.111111111111111
3.473822315049036e-05,5.222222222222222
9.739802977760184e-06,5.333333333333333
9.822048821901729e-06,5.444444444444444
1.672824315758606e-05,5.555555555555555
2.036691062268929e-05,5.666666666666666
9.495874970243116e-06,5.777777777777778
1.6521512392934438e-05,5.888888888888888
4.393943552650912e-05,6.0
2.8859776394945417e-05,6.111111111111111
1.56396948112783e-05,6.222222222222221
2.104747710702061e-05,6.333333333333333
2.931321995703447e-05,6.444444444444444
3.080871437961344e-05,6.555555555555555
1.525659027800546e-05,6.666666666666666
1.071124243423299e-05,6.777777777777778
1.9424528866490117e-05,6.888888888888888
5.426932620916797e-06,7.0
1.7584859263809505e-05,7.111111111111111
1.1958180659612863e-05,7.222222222222221
2.1094618842229866e-05,7.333333333333333
1.0777723440970219e-05,7.444444444444444
2.904935312207882e-05,7.555555555555555
2.0706192971125937e-05,7.666666666666666
1.381307698240735e-05,7.777777777777778
1.4090632756747803e-05,7.888888888888888
3.082800598527884e-05,8.0
5.891791055176507e-06,8.11111111111111
3.04010545095155e-05,8.222222222222221
8.751248721476816e-06,8.333333333333332
1.9716202914163268e-05,8.444444444444445
1.4398066182575818e-05,8.555555555555555
1.8556425719556883e-05,8.666666666666666
8.070618682136449e-06,8.777777777777777
2.023991893488891e-05,8.88888888888889
1.4450548646169617e-05,9.0
2.431180999469026e-05,9.11111111111111
3.241678919903944e-05,9.222222222222221
9.433997995315055e-06,9.333333333333332
1.8999839443045866e-05,9.444444444444445
2.828317758132344e-05,9.555555555555555
4.369811368354184e-05,9.666666666666666
2.901043262190965e-05,9.777777777777777
3.607437919809113e-05,9.888888888888888
1.823295984044573e-05,10.0
1.2385633289465218e-05,10.11111111111111
1.8315116297159714e-05,10.222222222222221
2.9781708346703482e-05,10.333333333333332
1.7734961390299235e-05,10.444444444444445
1.534513261440219e-05,10.555555555555555
4.29128003189804e-05,10.666666666666666
2.3386077424107706e-05,10.777777777777777
7.637752103507115e-06,10.888888888888888
1.6731753468546645e-05,11.0
5.646693311387905e-06,11.11111111111111
2.8851616768068034e-05,11.222222222222221
5.409995045883296e-06,11.333333333333332
4.670735907545306e-05,11.444444444444445
2.2314808178846545e-05,11.555555555555555
1.3824132853762546e-05,11.666666666666666
1.7909432800644364e-05,11.777777777777777
3.6226716408321204e-05,11.888888888888888
2.6843526796595075e-05,12.0
2.222303032707083e-05,12.11111111111111
2.1376364990137004e-05,12.222222222222221
1.6311991370780336e-05,12.333333333333332
3.8041699717675826e-05,12.444444444444443
3.3370605560272974e-05,12.555555555555555
2.2201143775007487e-05,12.666666666666666
1.3648710942251385e-05,12.777777777777777
1.8742238642704103e-05,12.888888888888888
1.3630410944065194e-05,13.0
2.0818405431754243e-05,13.11111111111111
7.627926848660022e-06,13.222222222222221
3.527404798388263e-05,13.333333333333332
3.387972666049996e-05,13.444444444444443
2.8082151941551717e-05,13.555555555555555
3.285673752883155e-05,13.666666666666666
7.226602951879951e-06,13.777777777777777
1.93818160172728e-05,13.888888888888888
2.2481587157031458e-05,14.0
1.755108114940227e-05,14.11111111111111
1.1162434021865584e-05,14.222222222222221
1.684188679306491e-05,14.333333333333332
9.03379748448158e-06,14.444444444444443
1.954519696887426e-05,14.555555555555555
3.1274354012435454e-05,14.666666666666666
2.5946798549143947e-05,14.777777777777777
2.3300353294905796e-05,14.888888888888888
1.366877900121911e-05,15.0
1.713368079331385e-05,15.11111111111111
3.3703476091033675e-05,15.222222222222221
6.353168535128633e-06,15.333333333333332
1.0901890809927836e-05,15.444444444444443
2.134080703154319e-05,15.555555555555555
1.46578343567898e-05,15.666666666666666
1.846242601254823e-05,15.777777777777777
1.2191232275534617e-05,15.888888888888888
1.96840400835157e-06,16.0
2.3420408639486757e-05,16.11111111111111
2.5914399830658873e-05,16.22222222222222
1.6275106921476866e-05,16.333333333333332
1.6533841576409485e-05,16.444444444444443
2.2443579646559136e-05,16.555555555555554
3.8431973286926184e-05,16.666666666666664
3.236811300300487e-05,16.77777777777778
2.5892871232691e-06,16.88888888888889
3.973620282371506e-05,17.0
4.6824387302032565e-05,17.11111111111111
2.427328069875195e-05,17.22222222222222
2.9992401957242722e-05,17.333333333333332
3.180011952006548e-05,17.444444444444443
1.56203945760593e-05,17.555555555555554
6.448048510942996e-06,17.666666666666664
1.2894597877266721e-05,17.77777777777778
2.9452401896231696e-05,17.88888888888889
3.994600602337454e-05,18.0
1.9580261456412743e-05,18.11111111111111
1.992643190304616e-05,18.22222222222222
1.9466648671026157e-05,18.333333333333332
1.6747434698797456e-05,18.444444444444443
1.4103579133085621e-05,18.555555555555554
3.4763529686571493e-06,18.666666666666664
3.900203156385099e-05,18.777777777777775
1.8174152543337624e-05,18.88888888888889
9.112810254351449e-06,19.0
2.0179713115922627e-05,19.11111111111111
2.7618584901750025e-05,19.22222222222222
4.186784957795522e-05,19.333333333333332
2.1433764891956782e-05,19.444444444444443
1.6602655374078264e-05,19.555555555555554
1.7814657834185348e-05,19.666666666666664
2.1322129844859416e-05,19.777777777777775
1.9462336535394422e-05,19.88888888888889
1.5778837729285576e-05,20.0
5.4159039857059796e-06,20.11111111111111
4.484335208773013e-05,20.22222222222222
1.4365582158290137e-05,20.333333333333332
2.1950675413471616e-05,20.444444444444443
1.0444429691870506e-05,20.555555555555554
1.9372321176285583e-05,20.666666666666664
1.9133146460792717e-05,20.777777777777775
1.4385913204287147e-05,20.88888888888889
3.9600393437661675e-05,21.0
3.896075243001212e-05,21.11111111111111
1.845198137067012e-05,21.22222222222222
2.567369472833825e-05,21.333333333333332
1.0419106692591019e-05,21.444444444444443
2.891137621016108e-05,21.555555555555554
2.2357740207898705e-05,21.666666666666664
2.0697991247677607e-05,21.777777777777775
2.5069243020698014e-05,21.88888888888889
2.904511666587353e-05,22.0
5.036541058204787e-06,22.11111111111111
1.6478657675558213e-05,22.22222222222222
3.7309204950945854e-05,22.333333333333332
2.1458295419031814e-05,22.444444444444443
1.717767590275932e-05,22.555555555555554
1.467395777466105e-05,22.666666666666664
1.4366436616670694e-05,22.777777777777775
1.55961286608711e-05,22.88888888888889
2.9448483853170302e-05,23.0
6.087837519523755e-06,23.11111111111111
1.167843574048541e-05,23.22222222222222
8.188191966788914e-06,23.333333333333332
3.3975212074332493e-05,23.444444444444443
1.660288840408253e-05,23.555555555555554
1.747725598891173e-05,23.666666666666664
1.3366808825427987e-05,23.777777777777775
2.9676565808443733e-05,23.88888888888889
1.2854215545063253e-05,24.0
1.6999377978305953e-05,24.11111111111111
2.1235076380571277e-05,24.22222222222222
1.595710254673558e-05,24.333333333333332
2.7434601946593826e-05,24.444444444444443
1.5938057783660746e-05,24.555555555555554
2.0088568078105527e-05,24.666666666666664
3.0893285609366084e-05,24.777777777777775
6.888585243158024e-06,24.888888888888886
4.3444129499474274e-05,25.0
1.8316086900708907e-05,25.11111111111111
1.5585432337583984e-05,25.22222222222222
3.857802740522736e-05,25.333333333333332
2.950002178468791e-05,25.444444444444443
2.225982570160439e-05,25.555555555555554
1.6093032332121616e-05,25.666666666666664
3.321116678039353e-05,25.777777777777775
3.098338937220851e-05,25.888888888888886
1.5114746720505375e-05,26.0
2.8611390316242902e-06,26.11111111111111
1.5261346264371714e-05,26.22222222222222
1.5136877375340454e-05,26.333333333333332
2.6045007180342996e-05,26.444444444444443
5.829179215501971e-05,26.555555555555554
1.6563223105011083e-05,26.666666666666664
7.015321722846009e-06,26.777777777777775
2.8513928740381404e-05,26.888888888888886
4.656451731551415e-05,27.0
2.872611111536917e-05,27.11111111111111
5.4734075856764116e-05,27.22222222222222
1.4110025487961602e-05,27.333333333333332
1.2530445169214715e-05,27.444444444444443
1.3939449901573133e-05,27.555555555555554
2.7847681745241494e-05,27.666666666666664
2.4016030266006554e-05,27.777777777777775
8.575369188798105e-06,27.888888888888886
2.6010762562099566e-05,28.0
2.1716023545824954e-05,28.11111111111111
2.3689947947216664e-05,28.22222222222222
2.1904925975119775e-05,28.333333333333332
4.990920110731168e-05,28.444444444444443
3.088052001357066e-05,28.555555555555554
9.612196243296978e-06,28.666666666666664
3.136890338595244e-05,28.777777777777775
3.0464910963772052e-06,28.888888888888886
1.2340635258006406e-05,29.0
2.737253978298063e-05,29.11111111111111
2.4012877336386506e-05,29.22222222222222
2.8117209766508785e-05,29.333333333333332
3.2858791132291096e-05,29.444444444444443
2.233675894781173e-05,29.555555555555554
3.817856227091679e-05,29.666666666666664
2.63509127650022e-05,29.777777777777775
1.3509323648153234e-05,29.888888888888886
2.8768600904323912e-05,30.0
5.143778188909383e-06,30.11111111111111
1.8190572718794576e-05,30.22222222222222
1.5236315951639834e-05,30.333333333333332
1.898404986741787e-05,30.444444444444443
2.05463576126437e-05,30.555555555555554
1.3645116938923445e-05,30.666666666666664
2.7091968350820596e-05,30.777777777777775
3.206631807961319e-05,30.888888888888886
1.769830482573513e-05,31.0
6.069770049106325e-06,31.11111111111111
2.581432558228811e-05,31.22222222222222
2.5978862069204763e-05,31.333333333333332
4.749775330900796e-06,31.444444444444443
4.914598173467003e-05,31.555555555555554
1.65518345932441e-05,31.666666666666664
2.2834827638681793e-05,31.777777777777775
2.2573469519549683e-05,31.888888888888886
1.8350997853260377e-05,32.0
1.8200052403826858e-05,32.11111111111111
7.510785757404513e-06,32.22222222222222
1.1089990106501442e-05,32.33333333333333
5.592363072460253e-06,32.44444444444444
1.647597368830436e-05,32.55555555555556
3.9234964489432775e-06,32.666666666666664
1.3784606759673017e-05,32.77777777777778
1.5899258053500682e-05,32.888888888888886
1.2437420314202754e-05,33.0
1.4077648699377175e-05,33.11111111111111
2.1880341115993803e-05,33.22222222222222
5.040475052765305e-06,33.33333333333333
1.662921541126682e-05,33.44444444444444
3.024508244622476e-05,33.55555555555556
1.6850680578943573e-05,33.666666666666664
3.140043160871651e-05,33.77777777777778
8.316896393746148e-06,33.888888888888886
8.850701313491223e-06,34.0
1.1255284837357578e-05,34.11111111111111
2.978979588226974e-05,34.22222222222222
1.5400727287380624e-05,34.33333333333333
1.196799917474667e-05,34.44444444444444
1.8882651732370704e-05,34.55555555555556
2.454351011132837e-05,34.666666666666664
1.8223581790654113e-05,34.77777777777778
6.955182009927235e-06,34.888888888888886
1.8922123575340332e-05,35.0
5.2255451894176654e-05,35.11111111111111
3.257654133150938e-05,35.22222222222222
9.464690110088485e-06,35.33333333333333
1.298620837788771e-05,35.44444444444444
6.274112783778879e-06,35.55555555555556
6.627813487252431e-06,35.666666666666664
2.1925288548376115e-05,35.77777777777778
1.5062903268971456e-05,35.888888888888886
2.417030497557384e-05,36.0
2.2476862680662447e-05,36.11111111111111
1.4011158959534184e-05,36.22222222222222
1.83110433553188e-05,36.33333333333333
1.2485713599612886e-05,36.44444444444444
1.3552661054757437e-05,36.55555555555555
3.874740078342292e-05,36.666666666666664
1.1156169406377313e-05,36.77777777777778
2.570515085795653e-05,36.888888888888886
1.8310273207750107e-05,37.0
5.645795242477022e-05,37.11111111111111
2.048099828051022e-05,37.22222222222222
2.756558805792492e-05,37.33333333333333
1.2511042784131121e-05,37.44444444444444
2.3114603510786765e-05,37.55555555555555
2.7061624585675355e-05,37.666666666666664
1.7747348610980857e-05,37.77777777777778
1.2988464271038928e-05,37.888888888888886
1.5178689554374603e-05,38.0
6.038378349284266e-06,38.11111111111111
2.3328745273094914e-05,38.22222222222222
1.4844602248340374e-05,38.33333333333333
3.552505275766567e-05,38.44444444444444
2.1025750594159187e-05,38.55555555555555
4.32641182649254e-05,38.666666666666664
1.3680512352152859e-05,38.77777777777778
2.3326796312705998e-05,38.888888888888886
1.4045184388017238e-05,39.0
1.2943421829536819e-05,39.11111111111111
3.197618551245383e-05,39.22222222222222
1.3367973879899617e-05,39.33333333333333
8.358665940544266e-06,39.44444444444444
1.9276851173097144e-05,39.55555555555555
9.195808268640758e-06,39.666666666666664
2.447781796323998e-05,39.77777777777778
5.713473219837912e-06,39.888888888888886
4.4080036885022283e-05,40.0
2.0221026040886073e-05,40.11111111111111
1.8278462611754852e-05,40.22222222222222
3.553601086845571e-05,40.33333333333333
2.2804225160349987e-05,40.44444444444444
2.51011397850184e-05,40.55555555555555
4.82128104571148e-06,40.666666666666664
4.1490263035254165e-05,40.77777777777778
2.2306677378767572e-05,40.888888888888886
3.1184762842295366e-05,41.0
2.9290916471324346e-05,41.11111111111111
2.1524555144306978e-05,41.22222222222222
1.8752461069444464e-05,41.33333333333333
1.6316002962727727e-05,41.44444444444444
7.460141931253031e-06,41.55555555555555
4.863475917237946e-06,41.666666666666664
3.177120264495224e-05,41.77777777777778
3.990504034820743e-05,41.888888888888886
2.3394257443364868e-05,42.0
2.317809780133781e-05,42.11111111111111
1.9445484852036752e-05,42.22222222222222
1.2194240124882364e-05,42.33333333333333
2.5958288824643246e-05,42.44444444444444
2.0333205650616782e-05,42.55555555555555
1.739806638056277e-05,42.666666666666664
3.9724863009952646e-05,42.77777777777778
1.3658629233372857e-05,42.888888888888886
1.8750214019710244e-05,43.0
3.330623584998837e-05,43.11111111111111
3.6287849853857955e-05,43.22222222222222
8.965516540687217e-06,43.33333333333333
2.226709545759629e-05,43.44444444444444
4.9073476877186375e-06,43.55555555555555
9.27128097829473e-06,43.666666666666664
3.1950225533582096e-05,43.77777777777778
1.9695984436588352e-05,43.888888888888886
3.4863902181615406e-05,44.0
9.926775047955327e-06,44.11111111111111
8.129327083996458e-06,44.22222222222222
6.929315346180716e-06,44.33333333333333
2.3766371725245185e-05,44.44444444444444
1.3975668350746877e-05,44.55555555555555
1.029195737944556e-05,44.666666666666664
1.1062376422567269e-05,44.77777777777778
8.335265914455261e-06,44.888888888888886
3.627892745958335e-05,45.0
1.6632649045436414e-05,45.11111111111111
3.242534342208789e-05,45.22222222222222
3.285301793565971e-05,45.33333333333333
2.861261264624575e-05,45.44444444444444
2.368713778059174e-05,45.55555555555555
6.006043134991123e-06,45.666666666666664
2.6925997757891638e-05,45.77777777777778
3.696133790059948e-05,45.888888888888886
2.6167074587933823e-05,46.0
8.536116107141907e-06,46.11111111111111
7.478558238642177e-06,46.22222222222222
4.407102313422329e-05,46.33333333333333
2.397685991162352e-05,46.44444444444444
8.509137341819605e-06,46.55555555555555
2.6324875918724855e-05,46.666666666666664
1.0090139343656156e-05,46.77777777777778
2.219017792016458e-05,46.888888888888886
5.525832298852478e-06,47.0
2.6215686605311386e-05,47.11111111111111
7.201683009313789e-06,47.22222222222222
4.73442241599655e-05,47.33333333333333
2.0754446207372092e-05,47.44444444444444
9.698167594591136e-06,47.55555555555555
1.9954188413677153e-05,47.666666666666664
1.2360411374847293e-05,47.77777777777778
5.865748791420469e-06,47.888888888888886
3.38774202561159e-05,48.0
2.5618299075213848e-05,48.11111111111111
2.019592307927027e-05,48.22222222222222
1.7508866152401734e-05,48.33333333333333
2.3323576203141837e-05,48.44444444444444
3.118911923907249e-05,48.55555555555555
4.048505715715452e-05,48.666666666666664
4.6524959469996675e-05,48.77777777777778
2.2880553146684135e-05,48.888888888888886
4.0632023115298466e-05,49.0
3.298957337516995e-05,49.11111111111111
3.0062379044417565e-05,49.22222222222222
1.4504178399705531e-05,49.33333333333333
4.576208609571791e-06,49.44444444444444
3.1521968435391415e-05,49.55555555555555
3.6453465975043624e-05,49.666666666666664
2.9106671915660835e-05,49.77777777777777
5.023560583539774e-06,49.888888888888886
1.6095664356080068e-05,50.0
3.5960135690498084e-05,50.11111111111111
3.168881099566728e-05,50.22222222222222
2.1251764997582608e-05,50.33333333333333
2.379945174040968e-05,50.44444444444444
3.751097511529248e-05,50.55555555555555
2.4940977505606612e-05,50.666666666666664
3.883642843167001e-06,50.77777777777777
1.5352834940857658e-05,50.888888888888886
2.1560165902734323e-05,51.0
1.0596326286961791e-05,51.11111111111111
7.1466704388339245e-06,51.22222222222222
2.835260229185507e-05,51.33333333333333
2.645387245670711e-05,51.44444444444444
3.090941599621434e-05,51.55555555555555
2.6932846584647876e-05,51.666666666666664
3.657265796517059e-05,51.77777777777777
2.1357788513497432e-05,51.888888888888886
2.6191113362493658e-05,52.0
2.58890624566761e-05,52.11111111111111
1.1821512184399765e-05,52.22222222222222
5.29342728269237e-05,52.33333333333333
1.4909133446479997e-05,52.44444444444444
4.58357938828262e-05,52.55555555555555
1.1265990447051243e-05,52.666666666666664
3.6380571941704874e-05,52.77777777777777
7.023556750865544e-06,52.888888888888886
2.2381475471723555e-05,53.0
1.6724010144288805e-05,53.11111111111111
1.3572073876756651e-05,53.22222222222222
2.509619893487107e-05,53.33333333333333
2.741169417900341e-05,53.44444444444444
1.1205701618094058e-05,53.55555555555555
2.436503496731898e-05,53.666666666666664
3.191881810053106e-05,53.77777777777777
1.2648290547485968e-05,53.888888888888886
3.215564730163498e-06,54.0
1.780727135828111e-05,54.11111111111111
3.549340296654573e-05,54.22222222222222
3.821052705081709e-05,54.33333333333333
3.01256258484937e-05,54.44444444444444
1.0571654066844488e-05,54.55555555555555
3.1408987499169284e-05,54.666666666666664
2.717102345249963e-05,54.77777777777777
1.5311372197900846e-05,54.888888888888886
3.1623279871100645e-05,55.0
8.040027580932263e-06,55.11111111111111
3.316823641339841e-05,55.22222222222222
2.3853724092945973e-05,55.33333333333333
1.2653021329569833e-05,55.44444444444444
2.7113012240261853e-05,55.55555555555555
1.7193291900414707e-05,55.666666666666664
3.313028877762388e-05,55.77777777777777
1.5634409433664205e-05,55.888888888888886
1.7361084644925e-05,56.0
5.8687408494698285e-06,56.11111111111111
3.637071928032786e-05,56.22222222222222
3.677047659820751e-05,56.33333333333333
2.0130234464615544e-05,56.44444444444444
1.195133008647233e-05,56.55555555555555
2.4541880692023243e-05,56.666666666666664
2.0063108822893934e-05,56.77777777777777
1.945991187783386e-05,56.888888888888886
1.8044870421418646e-05,57.0
1.8587327719117594e-05,57.11111111111111
2.2427546407357305e-05,57.22222222222222
2.292907654220463e-05,57.33333333333333
1.6353124694700804e-05,57.44444444444444
3.6768412928689334e-05,57.55555555555555
1.5913892979001072e-05,57.666666666666664
2.4658449241359184e-05,57.77777777777777
2.5384231366685365e-05,57.888888888888886
1.9539840188868752e-05,58.0
2.8334245204830616e-05,58.11111111111111
2.0603910260296096e-05,58.22222222222222
2.244712743081514e-05,58.33333333333333
2.2134817710848427e-05,58.44444444444444
5.4045101576789655e-06,58.55555555555555
3.420516692162645e-05,58.666666666666664
2.5567994432782387e-05,58.77777777777777
2.0482380254291526e-05,58.888888888888886
1.3912671210301151e-05,59.0
2.4564413620129863e-05,59.11111111111111
1.7002789689288462e-05,59.22222222222222
2.4679062425759903e-05,59.33333333333333
2.626823032484807e-05,59.44444444444444
7.336835307859515e-06,59.55555555555555
1.0374648683443892e-05,59.666666666666664
1.9243883001240318e-05,59.77777777777777
1.4718847342574712e-05,59.888888888888886
4.805381555644941e-05,60.0
4.550391805825078e-06,60.11111111111111
2.308287895261504e-05,60.22222222222222
1.2005646744495362e-06,60.33333333333333
2.262926027393267e-05,60.44444444444444
3.648243523784906e-05,60.55555555555555
1.2739906228506729e-05,60.666666666666664
3.809548594184437e-05,60.77777777777777
1.735669815384686e-05,60.888888888888886
3.0196105392964077e-05,61.0
3.1126996171440266e-05,61.11111111111111
1.320702228083955e-05,61.22222222222222
5.240026468573667e-05,61.33333333333333
2.89550226001611e-05,61.44444444444444
8.345782391174507e-06,61.55555555555555
2.6185566828565087e-05,61.666666666666664
1.6738289238298166e-05,61.77777777777777
2.1075958782687017e-05,61.888888888888886
5.074506353727296e-06,62.0
2.084942609132929e-05,62.11111111111111
2.9373267581886507e-05,62.22222222222222
1.7353008300740054e-05,62.33333333333333
1.9356611522068134e-05,62.44444444444444
3.0021290884758927e-05,62.55555555555555
3.5032930174473144e-05,62.666666666666664
1.8708398497140442e-05,62.77777777777777
2.1766389149995954e-05,62.888888888888886
7.838307572535381e-06,63.0
1.7373262240317326e-05,63.11111111111111
9.717848139700758e-06,63.22222222222222
3.0160852830753557e-05,63.33333333333333
1.9730509770333777e-05,63.44444444444444
5.5080601251834156e-05,63.55555555555555
2.1523140223119558e-05,63.666666666666664
2.044262149919211e-05,63.77777777777777
1.847485008854555e-05,63.888888888888886
1.6367197225174215e-05,64.0
3.7327916655646763e-05,64.11111111111111
3.522916995244196e-05,64.22222222222221
4.7211216996861065e-05,64.33333333333333
2.889310794335789e-05,64.44444444444444
2.092853535686832e-05,64.55555555555556
7.333119056588244e-06,64.66666666666666
2.8952378326467884e-05,64.77777777777777
2.150737888468766e-05,64.88888888888889
1.8574491842066033e-05,65.0
1.8575750647726887e-05,65.11111111111111
1.2675633999964695e-05,65.22222222222221
1.35887536340573e-05,65.33333333333333
2.2578702923441238e-05,65.44444444444444
3.7592816082051716e-05,65.55555555555556
1.805833459659801e-05,65.66666666666666
1.1179282117712622e-05,65.77777777777777
1.7861631825107015e-05,65.88888888888889
2.2096608714039094e-05,66.0
1.1713921761082212e-05,66.11111111111111
1.5234401847003454e-05,66.22222222222221
2.9162271168985513e-05,66.33333333333333
4.223291092277751e-05,66.44444444444444
1.913665175520427e-05,66.55555555555556
1.1837172292234702e-05,66.66666666666666
3.564331993515915e-05,66.77777777777777
4.065687490809784e-05,66.88888888888889
1.357424297973049e-05,67.0
2.4839974318213085e-05,67.11111111111111
5.911351823560802e-06,67.22222222222221
1.8931719139547962e-05,67.33333333333333
1.086410237054656e-05,67.44444444444444
1.1082009205924194e-05,67.55555555555556
3.173475204350036e-05,67.66666666666666
2.3501495295751103e-05,67.77777777777777
1.632870106955059e-05,67.88888888888889
1.9277686830093086e-05,68.0
1.2227687093439472e-05,68.11111111111111
1.640236577335661e-05,68.22222222222221
1.4963051604313916e-05,68.33333333333333
1.3911743133204908e-05,68.44444444444444
5.404446087808691e-06,68.55555555555556
6.031388852812609e-06,68.66666666666666
2.0245099155381846e-05,68.77777777777777
1.1701991892692614e-05,68.88888888888889
1.3760151872889909e-05,69.0
2.1885784728133014e-05,69.11111111111111
1.8250830307781453e-05,69.22222222222221
2.8493892262972225e-06,69.33333333333333
1.3387784444269691e-05,69.44444444444444
4.786778643900416e-06,69.55555555555556
2.662507656296264e-05,69.66666666666666
2.9819805716676483e-05,69.77777777777777
1.864973901746719e-05,69.88888888888889
1.094520937393216e-05,70.0
2.690076119213114e-05,70.11111111111111
7.683007448142735e-06,70.22222222222221
4.77307057937003e-05,70.33333333333333
5.21660202227671e-06,70.44444444444444
1.5319417354928097e-05,70.55555555555556
3.5352969459689836e-05,70.66666666666666
3.3682617453430242e-06,70.77777777777777
2.792624888546496e-05,70.88888888888889
4.113967028004514e-05,71.0
3.2625793774134794e-05,71.11111111111111
2.3302873207894502e-05,71.22222222222221
1.5542260584351316e-05,71.33333333333333
1.6408573420089524e-05,71.44444444444444
3.443323091064992e-05,71.55555555555556
1.735093455546567e-05,71.66666666666666
2.2993857456741818e-05,71.77777777777777
1.4561403849476269e-05,71.88888888888889
1.4781706976673989e-05,72.0
4.229951064414425e-05,72.1111111111111
2.556570914110542e-05,72.22222222222221
3.371920005936754e-05,72.33333333333333
9.612083189995386e-06,72.44444444444444
1.0924893110991117e-05,72.55555555555556
2.1642997068098702e-05,72.66666666666666
2.0648560292698203e-05,72.77777777777777
1.3544202733123811e-05,72.88888888888889
1.498901517925133e-05,73.0
4.660169053279316e-05,73.1111111111111
6.540717025215095e-06,73.22222222222221
2.0608932037117684e-05,73.33333333333333
1.8107734820532945e-05,73.44444444444444
3.7635523196180005e-05,73.55555555555556
1.2992659942391393e-05,73.66666666666666
3.597109369684888e-06,73.77777777777777
1.715294524409728e-05,73.88888888888889
2.204962935388045e-05,74.0
2.995865524715124e-05,74.1111111111111
3.7925609729602576e-05,74.22222222222221
3.286958737561498e-05,74.33333333333333
3.058174639368028e-05,74.44444444444444
2.032673527611489e-05,74.55555555555556
5.7855509013293135e-06,74.66666666666666
3.434687605389306e-05,74.77777777777777
3.689526657679006e-05,74.88888888888889
1.90430234564911e-05,75.0
4.910380635221112e-05,75.1111111111111
2.6195546504721122e-05,75.22222222222221
2.6774291305899102e-05,75.33333333333333
1.8970825875269732e-05,75.44444444444444
1.8928474247477327e-05,75.55555555555556
1.1861785331181952e-05,75.66666666666666
2.3888899113873034e-05,75.77777777777777
2.8995427678522377e-05,75.88888888888889
1.5669525061688273e-05,76.0
1.5501484637497044e-05,76.1111111111111
2.309071915495448e-05,76.22222222222221
1.854931304759688e-05,76.33333333333333
3.7618478085047284e-05,76.44444444444444
1.5300598410883785e-05,76.55555555555556
6.878836305308549e-06,76.66666666666666
2.026293269715121e-05,76.77777777777777
1.4307470803332435e-05,76.88888888888889
2.05526627585419e-05,77.0
4.2822770021429667e-05,77.1111111111111
3.283001134022526e-05,77.22222222222221
1.5664698596296027e-05,77.33333333333333
1.3585487100120507e-05,77.44444444444444
2.1904093279342986e-05,77.55555555555556
2.426980142443278e-05,77.66666666666666
2.8408195611562138e-05,77.77777777777777
3.3911352825126524e-05,77.88888888888889
2.947662127716487e-06,78.0
3.4088059680651916e-05,78.1111111111111
4.4621174490969056e-05,78.22222222222221
2.2579358459327554e-05,78.33333333333333
2.2671909464327744e-05,78.44444444444444
3.3476706173403486e-06,78.55555555555556
2.2623199765240167e-05,78.66666666666666
6.4051418603585775e-06,78.77777777777777
2.6007203622213614e-06,78.88888888888889
1.9388612406381264e-05,79.0
1.670260024592709e-05,79.1111111111111
1.4960208197554434e-05,79.22222222222221
2.2447327945268364e-05,79.33333333333333
4.475658030480302e-06,79.44444444444444
3.731698185591997e-06,79.55555555555556
1.799917693234976e-05,79.66666666666666
2.5117242051435868e-05,79.77777777777777
2.0358210954203034e-05,79.88888888888889
2.467794010301005e-05,80.0
1.6105960147836023e-05,80.1111111111111
2.5171679240677738e-05,80.22222222222221
3.927891305036882e-05,80.33333333333333
1.2304628025026714e-05,80.44444444444444
1.3614645840142656e-05,80.55555555555556
4.6413802745094394e-05,80.66666666666666
4.6882834432226016e-05,80.77777777777777
1.2649959511158375e-05,80.88888888888889
2.6479742801942065e-05,81.0
2.4405356931840107e-05,81.1111111111111
3.4393646780140236e-05,81.22222222222221
3.150480271177882e-05,81.33333333333333
1.1307734665283868e-05,81.44444444444444
2.334849539785321e-05,81.55555555555556
3.3099449611039943e-05,81.66666666666666
3.1387672347018036e-05,81.77777777777777
1.022242354483954e-05,81.88888888888889
2.1164214998517852e-05,82.0
2.5253138470247296e-05,82.1111111111111
2.2222039878023496e-05,82.22222222222221
7.416093148628262e-06,82.33333333333333
1.674527752075204e-05,82.44444444444444
2.4488558185770215e-05,82.55555555555556
1.613836758206378e-05,82.66666666666666
2.7702574771021156e-05,82.77777777777777
1.254159642360066e-05,82.88888888888889
1.1391166772864707e-05,83.0
1.268458073586588e-05,83.1111111111111
2.0967825997766158e-05,83.22222222222221
1.7378681825551655e-05,83.33333333333333
7.443804147289427e-06,83.44444444444444
1.6616408938644844e-05,83.55555555555556
9.178532089525961e-06,83.66666666666666
2.7802248428101996e-05,83.77777777777777
2.1454869701081614e-05,83.88888888888889
2.9580675341661464e-05,84.0
2.6933836395691504e-05,84.1111111111111
1.1236468339916418e-05,84.22222222222221
1.3328953782051074e-05,84.33333333333333
4.865145319780166e-05,84.44444444444444
1.9225719208997282e-05,84.55555555555556
2.147964297308778e-05,84.66666666666666
9.703210595293705e-06,84.77777777777777
2.4315552996147636e-05,84.88888888888889
2.183808629401338e-05,85.0
1.730254342289512e-05,85.1111111111111
2.235848025221404e-05,85.22222222222221
2.5834060946542264e-05,85.33333333333333
5.7867154736574174e-05,85.44444444444444
4.9196205743906295e-05,85.55555555555556
2.3113759587441486e-05,85.66666666666666
1.493016785264003e-05,85.77777777777777
2.929269942770303e-05,85.88888888888889
1.246371336340894e-05,86.0
3.328142955781865e-05,86.1111111111111
3.4231228047366074e-06,86.22222222222221
2.2982966332211072e-05,86.33333333333333
2.827761344076888e-05,86.44444444444444
1.9176241519294046e-05,86.55555555555556
2.49586007070878e-05,86.66666666666666
4.716151248823165e-05,86.77777777777777
1.400304210083241e-05,86.88888888888889
1.6332420093085036e-05,87.0
3.0391460323063068e-05,87.1111111111111
3.010876690916217e-05,87.22222222222221
8.03587491662284e-06,87.33333333333333
2.8816722634872493e-05,87.44444444444444
2.1510846522367722e-05,87.55555555555556
3.477703691816277e-05,87.66666666666666
2.6629178448822646e-05,87.77777777777777
2.2019096515165208e-05,87.88888888888889
2.12925644601742e-05,88.0
3.5309513397614145e-05,88.1111111111111
1.4614160100786518e-05,88.22222222222221
1.4540826773826262e-05,88.33333333333333
1.3865959716927437e-05,88.44444444444444
4.648222539426431e-05,88.55555555555556
8.880037273428394e-06,88.66666666666666
2.3880860927480136e-05,88.77777777777777
1.4425883567750222e-05,88.88888888888889
6.501927429360258e-06,89.0
2.31763707652551e-05,89.1111111111111
1.9508302221363055e-05,89.22222222222221
1.8065981276115777e-05,89.33333333333333
1.2280604830649726e-05,89.44444444444444
3.2290184214555215e-05,89.55555555555556
1.3585456188679332e-05,89.66666666666666
3.7204011184157236e-05,89.77777777777777
3.1054854399972394e-05,89.88888888888889
2.1277759891939313e-05,90.0
2.7990733894702487e-05,90.1111111111111
1.6167815999313966e-05,90.22222222222221
2.8406765244242338e-05,90.33333333333333
6.945960351744311e-06,90.44444444444444
2.433936021714722e-05,90.55555555555556
2.698838214707303e-05,90.66666666666666
1.48853796023878e-05,90.77777777777777
2.269272317292305e-05,90.88888888888889
3.08580753196461e-05,91.0
1.677788711688004e-05,91.1111111111111
1.816093894097343e-05,91.22222222222221
1.6252607458714406e-05,91.33333333333333
2.6726400513075346e-05,91.44444444444444
4.275470878700905e-05,91.55555555555556
1.0891809667430557e-05,91.66666666666666
2.154985013114162e-05,91.77777777777777
9.992394256807674e-06,91.88888888888889
1.5034958243934793e-05,92.0
3.8975761840478566e-05,92.1111111111111
2.364203800520056e-05,92.22222222222221
2.7769500911677203e-05,92.33333333333333
1.5730358485842086e-05,92.44444444444444
3.774678305016173e-05,92.55555555555556
1.830357452695069e-05,92.66666666666666
3.707967471862612e-05,92.77777777777777
2.1156370112063046e-05,92.88888888888889
3.7213510775701124e-05,93.0
2.0815614580143443e-05,93.1111111111111
1.8500703888564764e-05,93.22222222222221
2.35436827945557e-05,93.33333333333333
3.255507246166246e-05,93.44444444444444
1.1303878865465584e-05,93.55555555555556
3.818440132352594e-06,93.66666666666666
5.5066927024045075e-06,93.77777777777777
1.6153012253959152e-05,93.88888888888889
1.4028497300870956e-05,94.0
1.1302964315411388e-05,94.1111111111111
4.3571176582160515e-05,94.22222222222221
2.0229473148049165e-05,94.33333333333333
1.814299706642012e-05,94.44444444444444
9.276757039509267e-06,94.55555555555556
1.0789427473205067e-05,94.66666666666666
9.18774929597586e-06,94.77777777777777
2.272087836457741e-05,94.88888888888889
1.2974165315995234e-05,95.0
4.080699110658396e-06,95.1111111111111
3.4033157996909105e-05,95.22222222222221
2.6201133603120505e-05,95.33333333333333
6.9679081327377565e-06,95.44444444444444
2.4654601684750476e-05,95.55555555555556
2.8818334685141496e-05,95.66666666666666
1.752301401688767e-05,95.77777777777777
9.47211363852842e-06,95.88888888888889
3.104359376381262e-05,96.0
1.0737162105657349e-05,96.1111111111111
1.584223861003585e-05,96.22222222222221
2.5432448925908654e-05,96.33333333333333
1.1567801757819536e-05,96.44444444444444
4.389059618060502e-05,96.55555555555556
3.5922459812548665e-05,96.66666666666666
2.221445648184395e-05,96.77777777777777
2.038638120821554e-05,96.88888888888889
3.121763445485164e-05,97.0
8.500101914304475e-06,97.1111111111111
2.8947326263478605e-05,97.22222222222221
7.67656962452983e-06,97.33333333333333
4.1612450814540545e-05,97.44444444444444
4.270493974307927e-06,97.55555555555556
1.392871431101291e-05,97.66666666666666
8.839686578344186e-06,97.77777777777777
1.2827108472584089e-05,97.88888888888889
9.384010358598218e-06,98.0
2.1714055809343498e-05,98.1111111111111
1.8403839441808897e-05,98.22222222222221
3.65656234378854e-05,98.33333333333333
4.0619876361335736e-06,98.44444444444444
1.3973372024153421e-05,98.55555555555556
5.362905518525302e-06,98.66666666666666
2.2657331541028294e-05,98.77777777777777
2.391154139293252e-05,98.88888888888889
1.7948847129586458e-05,99.0
3.0482767936171288e-05,99.1111111111111
2.0578171030974707e-05,99.22222222222221
1.3089940354603654e-05,99.33333333333333
3.85331638099723e-05,99.44444444444444
4.719265414670752e-05,99.55555555555554
1.1122537190756906e-05,99.66666666666666
1.3387456548185981e-05,99.77777777777777
2.4685756889852854e-05,99.88888888888889
1.560041703368654e-05,100.0
1.0333941043688037e-05,100.1111111111111
1.607181211408802e-05,100.22222222222221
3.241968439991511e-05,100.33333333333333
2.5683120415701185e-05,100.44444444444444
1.4944774672109053e-05,100.55555555555554
1.8072421026481815e-05,100.66666666666666
1.4480505456038424e-05,100.77777777777777
5.1474428890830296e-05,100.88888888888889
3.108803558594278e-05,101.0
1.2509741623182914e-05,101.1111111111111
3.770876980363699e-06,101.22222222222221
4.659759649175608e-05,101.33333333333333
3.853144948028546e-05,101.44444444444444
9.216365173945764e-06,101.55555555555554
1.2517918865664038e-05,101.66666666666666
1.638701567921182e-05,101.77777777777777
4.26521879637131e-05,101.88888888888889
3.1382152623492e-05,102.0
5.081785255546023e-06,102.1111111111111
6.8647521535698044e-06,102.22222222222221
1.403768425484269e-05,102.33333333333333
9.53909691975372e-06,102.44444444444444
1.9875964882286363e-05,102.55555555555554
3.094973445869061e-05,102.66666666666666
2.081282037761358e-05,102.77777777777777
1.8352940803465646e-05,102.88888888888889
6.632981562915576e-06,103.0
1.4997883556329918e-05,103.1111111111111
3.214609422971642e-05,103.22222222222221
3.989990259431775e-05,103.33333333333333
1.5951191818382504e-05,103.44444444444444
2.3082911187222944e-05,103.55555555555554
1.6793700746546987e-05,103.66666666666666
2.106853521477444e-05,103.77777777777777
2.334042029066887e-05,103.88888888888889
2.588010191791011e-05,104.0
4.1053553361172485e-05,104.1111111111111
4.7389478100584604e-05,104.22222222222221
9.04327358057771e-06,104.33333333333333
5.619156330383645e-06,104.44444444444444
2.315186866592242e-05,104.55555555555554
1.994386854927039e-05,104.66666666666666
2.8152574448201153e-05,104.77777777777777
1.3176377215433367e-05,104.88888888888889
2.345499488760771e-05,105.0
3.15054682801623e-06,105.1111111111111
2.7953172457034945e-05,105.22222222222221
2.522663503799833e-05,105.33333333333333
3.5250092040950677e-05,105.44444444444444
2.3469473868347754e-05,105.55555555555554
1.050267002012811e-05,105.66666666666666
8.980963842785536e-06,105.77777777777777
6.969976574933701e-06,105.88888888888889
2.2940798392452052e-05,106.0
1.8741917174832788e-05,106.1111111111111
2.999574632234144e-06,106.22222222222221
2.7375997128339842e-05,106.33333333333333
3.6966248692748684e-05,106.44444444444444
2.733434757436814e-05,106.55555555555554
2.3675713977106962e-05,106.66666666666666
5.369304704263635e-06,106.77777777777777
1.670990926935053e-05,106.88888888888889
2.7506889664286543e-05,107.0
3.719679233400818e-05,107.1111111111111
3.716360115153518e-05,107.22222222222221
3.5862516227393016e-05,107.33333333333333
4.3783073205904904e-05,107.44444444444444
2.1195826386276703e-05,107.55555555555554
9.924339875533579e-06,107.66666666666666
4.908123213321462e-06,107.77777777777777
4.1281916720033224e-05,107.88888888888889
2.5212100274841794e-05,108.0
8.987193339576025e-06,108.1111111111111
2.6041743485672045e-05,108.22222222222221
1.999356093383418e-05,108.33333333333333
9.65054991378124e-06,108.44444444444444
1.2465193071643495e-05,108.55555555555554
7.172510067895466e-06,108.66666666666666
4.050624587395824e-05,108.77777777777777
1.1131694312296005e-05,108.88888888888889
8.46491418740171e-06,109.0
3.198287043376953e-05,109.1111111111111
8.506411109717784e-06,109.22222222222221
2.487224812430413e-05,109.33333333333333
2.0300504013387692e-05,109.44444444444444
2.9164012443218995e-05,109.55555555555554
1.0713512843805714e-05,109.66666666666666
1.8284321319208074e-05,109.77777777777777
1.6844909808742572e-05,109.88888888888889
1.784110289068726e-05,110.0
1.847027844363497e-05,110.1111111111111
5.479085513794907e-06,110.22222222222221
6.753118789069093e-06,110.33333333333333
1.1772560889680774e-05,110.44444444444444
9.031699320618092e-06,110.55555555555554
4.339912157923391e-05,110.66666666666666
1.8413117585864946e-05,110.77777777777777
3.3689106014729407e-06,110.88888888888889
4.395433255895668e-06,111.0
2.033214702822063e-05,111.1111111111111
3.2449566353184186e-05,111.22222222222221
9.46502078796705e-06,111.33333333333333
4.64156460608864e-06,111.44444444444444
3.0385207441136847e-05,111.55555555555554
2.8407423838824098e-05,111.66666666666666
1.2544954716410592e-05,111.77777777777777
3.857860145010543e-05,111.88888888888889
4.0441003149958506e-05,112.0
3.066821492483368e-05,112.1111111111111
8.680506024441123e-06,112.22222222222221
1.9746000781482582e-05,112.33333333333333
3.733574045362412e-05,112.44444444444444
2.7757485030881315e-06,112.55555555555554
2.5745153954306164e-05,112.66666666666666
2.384499708584196e-05,112.77777777777777
1.428634344580809e-05,112.88888888888889
1.821844038228137e-05,113.0
8.630916820331058e-06,113.1111111111111
1.854237713260092e-05,113.22222222222221
3.120364354177752e-05,113.33333333333333
1.8829786559248468e-05,113.44444444444444
2.3846271492383294e-05,113.55555555555554
4.001341647515169e-05,113.66666666666666
1.0369574556918873e-05,113.77777777777777
4.496384961613017e-05,113.88888888888889
1.3704220368610263e-05,114.0
1.810778685529793e-05,114.1111111111111
3.421308862697239e-05,114.22222222222221
1.7810407790913197e-05,114.33333333333333
2.1325874197984723e-05,114.44444444444444
2.8892565686590612e-05,114.55555555555554
1.7476918619176542e-05,114.66666666666666
8.688121127148681e-06,114.77777777777777
1.590290232048664e-05,114.88888888888889
3.147999131083997e-05,115.0
3.6098256312820224e-05,115.1111111111111
1.329707343644212e-05,115.22222222222221
2.0415815683950363e-05,115.33333333333333
2.872940652584043e-05,115.44444444444444
1.7582084867891657e-05,115.55555555555554
1.4332638069526915e-05,115.66666666666666
1.0942008324146647e-05,115.77777777777777
2.182833865389267e-05,115.88888888888889
1.1208444468916555e-05,116.0
2.2837885002638534e-05,116.1111111111111
4.40958713352438e-05,116.22222222222221
9.066568422472654e-06,116.33333333333333
1.6125704928353184e-05,116.44444444444444
2.477798237883621e-05,116.55555555555554
1.25755589689887e-05,116.66666666666666
1.151528306138795e-05,116.77777777777777
2.6869803661149686e-05,116.88888888888889
3.568304162135652e-05,117.0
3.233763588709922e-05,117.1111111111111
4.731585192917683e-06,117.22222222222221
1.0823199547610359e-05,117.33333333333333
2.3759027353961467e-05,117.44444444444444
2.0829939617428985e-05,117.55555555555554
8.675486787361e-06,117.66666666666666
2.183640772503178e-05,117.77777777777777
3.3056331968721016e-05,117.88888888888889
2.9696991628294165e-05,118.0
9.600424187008067e-06,118.1111111111111
1.1306394284776535e-05,118.22222222222221
1.3344087536752328e-05,118.33333333333333
2.350406193673573e-05,118.44444444444444
4.54348404452411e-05,118.55555555555554
2.267198651721727e-05,118.66666666666666
1.2844730559159618e-05,118.77777777777777
2.084571958772873e-05,118.88888888888889
1.8257920392840086e-05,119.0
9.943188561146958e-06,119.1111111111111
3.262989605090872e-05,119.22222222222221
2.844176371878471e-06,119.33333333333333
2.561780055127544e-05,119.44444444444444
2.5800736002585043e-05,119.55555555555554
1.4662298894049101e-05,119.66666666666666
1.5181853615946251e-05,119.77777777777777
3.931306063311149e-05,119.88888888888889
1.7021062572925135e-05,120.0
2.797850709523487e-05,120.1111111111111
4.235369844376356e-05,120.22222222222221
5.5402957896379115e-06,120.33333333333333
1.554299594190967e-05,120.44444444444444
5.003083534298724e-05,120.55555555555554
2.0348878821428128e-05,120.66666666666666
3.198802487086353e-05,120.77777777777777
3.7242787154606654e-05,120.88888888888889
1.0199585071992903e-05,121.0
2.182312900961385e-05,121.1111111111111
2.221281626692053e-05,121.22222222222221
1.4137286036254983e-05,121.33333333333333
7.064531588292314e-06,121.44444444444444
1.3472776240314174e-06,121.55555555555554
2.2294027568424882e-06,121.66666666666666
1.587429214501443e-05,121.77777777777777
2.0436862691416203e-05,121.88888888888889
2.0274850072845705e-05,122.0
2.934328557049214e-05,122.1111111111111
3.8076410992937436e-05,122.22222222222221
2.142353708930604e-05,122.33333333333333
1.3897148211630429e-05,122.44444444444444
1.815424162359298e-05,122.55555555555554
1.882597980798179e-05,122.66666666666666
3.977316269991545e-05,122.77777777777777
2.1325210167250363e-05,122.88888888888889
1.937293038138914e-05,123.0
3.269828420985168e-05,123.1111111111111
3.4199825417713226e-05,123.22222222222221
2.1419003295315765e-05,123.33333333333333
3.887865839458778e-05,123.44444444444444
4.639935269425612e-05,123.55555555555554
9.81442683105625e-06,123.66666666666666
4.24960967062374e-06,123.77777777777777
8.247496976772719e-06,123.88888888888889
1.1609138060280891e-05,124.0
1.74172305736208e-05,124.1111111111111
1.9875137579030395e-05,124.22222222222221
4.661865087939013e-06,124.33333333333333
2.501171733247654e-05,124.44444444444444
2.949922480115877e-05,124.55555555555554
2.0306918870186084e-05,124.66666666666666
6.622682615722278e-06,124.77777777777777
7.5826491156845615e-06,124.88888888888889
2.156177659926463e-05,125.0
2.1418191037264764e-05,125.1111111111111
2.3653145509922547e-05,125.22222222222221
2.1704998335966468e-05,125.33333333333333
5.7662505175427265e-05,125.44444444444444
1.198740462625757e-05,125.55555555555554
1.3818865457459068e-05,125.66666666666666
7.299422126874521e-06,125.77777777777777
3.752130358791415e-05,125.88888888888889
2.3419073886919038e-05,126.0
4.0869285368933e-05,126.1111111111111
4.2585632436925536e-06,126.22222222222221
1.0985052111787261e-05,126.33333333333333
3.736438271779679e-05,126.44444444444444
1.5123930397632978e-05,126.55555555555554
3.379269728877004e-05,126.66666666666666
9.909397531265153e-06,126.77777777777777
2.014025733832165e-05,126.88888888888889
1.809276662669806e-05,127.0
2.7136484752470704e-05,127.1111111111111
3.108885441420249e-05,127.22222222222221
1.49537189965783e-05,127.33333333333333
4.218073065627863e-06,127.44444444444444
1.3899213144914028e-05,127.55555555555554
4.1845612988008465e-06,127.66666666666666
3.787568038298341e-05,127.77777777777777
1.3129028263699162e-05,127.88888888888889
8.578386545237052e-06,128.0
2.7425468934951633e-05,128.11111111111111
3.2733590235507266e-05,128.22222222222223
2.456427782934057e-05,128.33333333333331
1.5422239745886564e-05,128.44444444444443
2.180309974038239e-05,128.55555555555554
1.3539426758950549e-05,128.66666666666666
2.2068522568239473e-05,128.77777777777777
2.123081092484019e-05,128.88888888888889
4.602492811961567e-05,129.0
1.8784718803084283e-05,129.11111111111111
2.1320180362105858e-05,129.22222222222223
8.471807011989438e-06,129.33333333333331
3.733666819151527e-05,129.44444444444443
1.5295606039848627e-05,129.55555555555554
3.968142740874047e-05,129.66666666666666
1.3481494961184493e-05,129.77777777777777
2.5347575714581344e-05,129.88888888888889
1.4770438842988006e-05,130.0
2.3968178575908484e-05,130.11111111111111
2.1671162443666987e-05,130.22222222222223
2.3293053670589632e-05,130.33333333333331
5.782006952656497e-06,130.44444444444443
1.721341278843935e-05,130.55555555555554
1.8650491183052814e-05,130.66666666666666
4.242406103047445e-05,130.77777777777777
1.7183091732308156e-05,130.88888888888889
6.193775198787209e-06,131.0
1.871995565224625e-06,131.11111111111111
2.357797737361384e-05,131.22222222222223
2.2639757207149126e-05,131.33333333333331
8.674146022130214e-06,131.44444444444443
2.0759191384056015e-05,131.55555555555554
3.131840420662488e-05,131.66666666666666
1.885098939842012e-05,131.77777777777777
3.094280764946211e-05,131.88888888888889
2.6208061370204763e-05,132.0
1.1730974411526821e-05,132.11111111111111
1.3686881456018592e-05,132.22222222222223
1.8522108953348988e-05,132.33333333333331
6.361450074807875e-06,132.44444444444443
2.5312978338047366e-05,132.55555555555554
2.5854516517085545e-05,132.66666666666666
1.4530972750550196e-05,132.77777777777777
3.234538586698266e-05,132.88888888888889
3.5049302921707015e-05,133.0
1.2164622724923331e-05,133.11111111111111
2.266345671714581e-05,133.22222222222223
1.2842798793874496e-05,133.33333333333331
6.602899655212764e-05,133.44444444444443
8.740193182232509e-06,133.55555555555554
2.0224463115890317e-05,133.66666666666666
6.514924103389971e-06,133.77777777777777
2.1853917704941606e-05,133.88888888888889
2.1175552080937074e-05,134.0
1.1935314322986833e-05,134.11111111111111
2.2362077546792447e-05,134.22222222222223
4.621643312639446e-05,134.33333333333331
1.3984212446994343e-05,134.44444444444443
1.1863318475910167e-05,134.55555555555554
2.188615729704557e-05,134.66666666666666
1.7456811474218486e-05,134.77777777777777
2.4246369069654915e-05,134.88888888888889
5.742359752056028e-06,135.0
1.5783709451011086e-05,135.11111111111111
2.1358194984941395e-05,135.22222222222223
3.102743654844428e-05,135.33333333333331
6.0343966927142525e-06,135.44444444444443
5.477854527931931e-05,135.55555555555554
2.6511227847520576e-05,135.66666666666666
1.4267895927186371e-05,135.77777777777777
1.2495313508878973e-06,135.88888888888889
2.3759697907325614e-05,136.0
2.224607058209555e-05,136.11111111111111
2.5331326983125098e-05,136.22222222222223
9.956615584728509e-06,136.33333333333331
1.9912956764826506e-05,136.44444444444443
3.313826860783849e-05,136.55555555555554
3.453207336900191e-05,136.66666666666666
3.5722536876832387e-06,136.77777777777777
8.802992279910916e-06,136.88888888888889
2.9402746523832847e-05,137.0
1.8647203074738587e-05,137.11111111111111
1.1636089287753267e-05,137.22222222222223
2.7942467166081204e-05,137.33333333333331
1.831922589402778e-05,137.44444444444443
3.333961943813595e-05,137.55555555555554
1.1004269757167545e-05,137.66666666666666
9.266089785351397e-06,137.77777777777777
2.196162120770059e-05,137.88888888888889
2.2405682149279283e-05,138.0
3.661093632868905e-05,138.11111111111111
3.0640630218197566e-05,138.22222222222223
3.5251759900968856e-05,138.33333333333331
8.195485488016105e-06,138.44444444444443
2.7367919782751893e-05,138.55555555555554
1.7779908274477334e-05,138.66666666666666
1.405221278472487e-05,138.77777777777777
8.18044782906778e-06,138.88888888888889
1.2272370202490845e-05,139.0
2.2120831524852936e-05,139.11111111111111
1.0915041124158732e-05,139.22222222222223
2.3372329220250646e-05,139.33333333333331
1.9306531736816336e-05,139.44444444444443
2.1654929098022445e-05,139.55555555555554
1.3187353503721788e-05,139.66666666666666
7.93181857559181e-06,139.77777777777777
8.739746470819059e-06,139.88888888888889
3.6490108015639915e-05,140.0
3.5706540728144e-05,140.11111111111111
1.9053891697911997e-05,140.22222222222223
1.0543149321552592e-05,140.33333333333331
4.80862195809798e-05,140.44444444444443
1.30820700733381e-05,140.55555555555554
7.373450634087347e-06,140.66666666666666
2.5128338658365634e-05,140.77777777777777
1.0517528253634621e-05,140.88888888888889
1.772608212908413e-05,141.0
9.676229135211685e-06,141.11111111111111
2.579910705950031e-05,141.22222222222223
1.610792535620866e-05,141.33333333333331
2.559895208569115e-05,141.44444444444443
2.920319874675436e-05,141.55555555555554
1.9733518973694018e-05,141.66666666666666
8.751883003530362e-06,141.77777777777777
8.478858077063482e-06,141.88888888888889
1.3596650661510363e-05,142.0
3.006479388375507e-05,142.11111111111111
1.940284721751274e-05,142.22222222222223
2.1732767217236303e-05,142.33333333333331
1.659736260413249e-05,142.44444444444443
2.0835273298332146e-05,142.55555555555554
1.4996222454740384e-05,142.66666666666666
3.3302303578196395e-05,142.77777777777777
1.3567275559978578e-05,142.88888888888889
2.528344321825576e-05,143.0
2.983092054531149e-05,143.11111111111111
1.0740304274445358e-05,143.2222222222222
2.473581862026687e-05,143.33333333333331
1.8809567639585447e-05,143.44444444444443
9.28209701501802e-06,143.55555555555554
3.6195196015269698e-06,143.66666666666666
6.971162514946e-06,143.77777777777777
6.532306108141359e-06,143.88888888888889
9.478338049138813e-06,144.0
5.846866038192002e-05,144.11111111111111
6.448895587769824e-06,144.2222222222222
2.221412434556521e-05,144.33333333333331
2.6241366512229012e-05,144.44444444444443
1.0850694429508506e-05,144.55555555555554
2.8004167349596334e-05,144.66666666666666
2.7873880758618753e-05,144.77777777777777
1.48594127922689e-05,144.88888888888889
1.0230697369521371e-05,145.0
2.6459132346328922e-05,145.11111111111111
1.0534772442201803e-05,145.2222222222222
1.355154094590489e-05,145.33333333333331
1.692447145193622e-05,145.44444444444443
2.0734780390817284e-05,145.55555555555554
1.2691236840103335e-05,145.66666666666666
3.0604001195388325e-05,145.77777777777777
3.413081553319009e-05,145.88888888888889
2.2850065447991448e-05,146.0
4.475130733041596e-06,146.11111111111111
1.736116349158609e-05,146.2222222222222
3.63171261842624e-05,146.33333333333331
3.809452274376329e-05,146.44444444444443
1.8528372221846464e-05,146.55555555555554
2.1963330667169874e-05,146.66666666666666
2.3939734853751616e-05,146.77777777777777
1.4043598948696484e-05,146.88888888888889
2.1633697008463903e-05,147.0
2.0885271098710274e-05,147.11111111111111
1.3920134828696687e-05,147.2222222222222
1.9238831668223432e-05,147.33333333333331
1.1477673372174249e-05,147.44444444444443
1.251697299028249e-05,147.55555555555554
1.7399997215961412e-05,147.66666666666666
8.48944846236629e-06,147.77777777777777
2.361966462659754e-06,147.88888888888889
2.095095841671989e-05,148.0
1.652858200258412e-05,148.11111111111111
8.228110239267933e-06,148.2222222222222
7.417175013938686e-06,148.33333333333331
2.683249152407878e-06,148.44444444444443
1.6305317647292808e-05,148.55555555555554
5.467878362072972e-07,148.66666666666666
2.7598915552461033e-05,148.77777777777777
1.7065312186274834e-05,148.88888888888889
4.369724460462302e-05,149.0
2.3030668071413926e-05,149.11111111111111
1.8378869517675217e-05,149.2222222222222
5.798363882509791e-06,149.33333333333331
2.9101864914956392e-05,149.44444444444443
3.179361110757501e-05,149.55555555555554
2.7894629174905715e-05,149.66666666666666
1.3560750696753042e-05,149.77777777777777
3.3741838046441014e-05,149.88888888888889
6.019245218095554e-06,150.0
7.012844133278808e-06,150.11111111111111
1.4607896309769266e-05,150.2222222222222
1.4109153030136275e-05,150.33333333333331
5.188281213082992e-06,150.44444444444443
7.99093141904349e-06,150.55555555555554
1.2494583704237423e-05,150.66666666666666
1.8690924216505405e-06,150.77777777777777
1.9361036346754928e-05,150.88888888888889
1.6075255732969673e-05,151.0
1.1527428759265586e-05,151.11111111111111
2.840886278132129e-05,151.2222222222222
1.3971698245759335e-05,151.33333333333331
2.939806231663988e-05,151.44444444444443
2.90992391596204e-05,151.55555555555554
3.190985249989398e-05,151.66666666666666
8.293139879579978e-06,151.77777777777777
3.122054461266891e-05,151.88888888888889
1.485464840223809e-05,152.0
2.7609435047232047e-05,152.11111111111111
1.977033945310409e-05,152.2222222222222
3.5428259691278166e-05,152.33333333333331
2.6413100346591194e-05,152.44444444444443
5.6355480461610825e-06,152.55555555555554
8.342357761921317e-06,152.66666666666666
2.7030424394713264e-05,152.77777777777777
1.861697771839064e-05,152.88888888888889
1.817680340703341e-05,153.0
3.373350630468463e-05,153.11111111111111
4.860114970004389e-05,153.2222222222222
2.58510030738745e-05,153.33333333333331
1.679265365771027e-05,153.44444444444443
1.7810749114501934e-05,153.55555555555554
1.6231158106808947e-05,153.66666666666666
6.4698555611231964e-06,153.77777777777777
1.677345677365059e-05,153.88888888888889
3.072659648300638e-05,154.0
2.256250976016041e-05,154.11111111111111
1.70162149196284e-05,154.2222222222222
1.1670827260009849e-05,154.33333333333331
1.1063436209630105e-05,154.44444444444443
4.5497621146635864e-05,154.55555555555554
1.5062465478548612e-05,154.66666666666666
8.706790527876698e-06,154.77777777777777
2.64448822474996e-05,154.88888888888889
1.0104997314433152e-05,155.0
3.409059427716471e-05,155.11111111111111
1.2303489059373e-05,155.2222222222222
1.3262785202394405e-05,155.33333333333331
1.72238753489087e-05,155.44444444444443
3.6733594134951665e-06,155.55555555555554
1.426861057655495e-05,155.66666666666666
3.606449396068938e-05,155.77777777777777
3.404276037969558e-06,155.88888888888889
6.124805005107673e-06,156.0
1.1374815843707477e-05,156.11111111111111
4.413308450689982e-05,156.2222222222222
1.4169916614902687e-05,156.33333333333331
1.1466963519979924e-05,156.44444444444443
3.0405478272780668e-05,156.55555555555554
3.864451068072201e-05,156.66666666666666
1.6211284580715717e-05,156.77777777777777
1.4881362504275956e-05,156.88888888888889
1.4183033663789639e-05,157.0
3.902590101122898e-05,157.11111111111111
1.0711227203310915e-05,157.2222222222222
2.166224353484194e-05,157.33333333333331
2.4769324248214737e-05,157.44444444444443
1.1893129562882337e-05,157.55555555555554
1.0392896515398328e-05,157.66666666666666
8.616227081210677e-06,157.77777777777777
2.3358803571713682e-05,157.88888888888889
2.4138101277530614e-05,158.0
3.379383641526975e-05,158.11111111111111
2.4650594967615454e-05,158.2222222222222
1.4855813286520075e-05,158.33333333333331
6.824806648524097e-05,158.44444444444443
3.77955489224576e-05,158.55555555555554
4.6507577655818755e-05,158.66666666666666
8.454246427925785e-06,158.77777777777777
1.0520027329849014e-05,158.88888888888889
3.059431396732865e-05,159.0
1.1251333737567146e-05,159.11111111111111
9.727949417776529e-06,159.2222222222222
4.0611368783002855e-05,159.33333333333331
3.05188878235747e-05,159.44444444444443
3.2364639029560405e-05,159.55555555555554
9.960456161450152e-06,159.66666666666666
2.555469512164625e-05,159.77777777777777
1.684606035631344e-05,159.88888888888889
2.5799531355718846e-05,160.0
2.7416783888838118e-05,160.11111111111111
2.052150106399268e-05,160.2222222222222
2.5750741379941022e-05,160.33333333333331
6.336828140370109e-06,160.44444444444443
4.783688943426706e-05,160.55555555555554
2.4038827823741918e-05,160.66666666666666
1.920046004691327e-05,160.77777777777777
1.9767291081396724e-05,160.88888888888889
2.444410995609569e-05,161.0
1.0230610802282461e-05,161.11111111111111
1.060143915057428e-05,161.2222222222222
1.3691953828641246e-05,161.33333333333331
1.031012783340569e-05,161.44444444444443
2.609716455108123e-05,161.55555555555554
1.1412545516593483e-05,161.66666666666666
1.4998103215921376e-05,161.77777777777777
6.646610644004634e-06,161.88888888888889
9.662786137294674e-06,162.0
2.0546340371820396e-05,162.11111111111111
1.6272625668565256e-05,162.2222222222222
1.824678384622584e-05,162.33333333333331
3.0859405068695055e-05,162.44444444444443
4.0932285805175215e-05,162.55555555555554
2.8393718913074597e-05,162.66666666666666
2.7230228240015597e-05,162.77777777777777
2.1192983602732215e-05,162.88888888888889
3.511522374902374e-05,163.0
2.1537652312673923e-05,163.11111111111111
2.8971478668125903e-05,163.2222222222222
2.3265209162026368e-05,163.33333333333331
3.038850458172722e-05,163.44444444444443
1.4036807642812685e-05,163.55555555555554
3.2353150837382346e-05,163.66666666666666
1.2026238330430345e-05,163.77777777777777
1.632335474618784e-05,163.88888888888889
9.512748697199603e-06,164.0
2.8928624309153336e-05,164.11111111111111
3.841559895231924e-05,164.2222222222222
2.9156507895946983e-05,164.33333333333331
7.789574781132915e-06,164.44444444444443
6.558877308146225e-06,164.55555555555554
1.9699276058477814e-05,164.66666666666666
7.083411752779658e-06,164.77777777777777
2.0897567358969078e-05,164.88888888888889
1.8387181513453507e-06,165.0
3.3187869687510856e-05,165.11111111111111
4.63897207776259e-05,165.2222222222222
3.857132308879005e-05,165.33333333333331
2.2770369572931723e-05,165.44444444444443
1.4923927427883125e-05,165.55555555555554
3.766183530044432e-05,165.66666666666666
1.2078033035667645e-05,165.77777777777777
3.838475449115498e-05,165.88888888888889
9.479139375758666e-06,166.0
5.5348373755573236e-05,166.11111111111111
1.0629266832364538e-06,166.2222222222222
9.103198194964622e-06,166.33333333333331
3.136595243055508e-05,166.44444444444443
1.6347446334822063e-05,166.55555555555554
6.547075494529753e-06,166.66666666666666
3.863892496992962e-05,166.77777777777777
1.8979465758086977e-05,166.88888888888889
2.3152130237015445e-05,167.0
3.8120478661334325e-05,167.11111111111111
1.0625729951228117e-05,167.2222222222222
2.8229055899896162e-05,167.33333333333331
1.976544411110517e-05,167.44444444444443
1.9414738780201353e-05,167.55555555555554
3.8143252442289095e-05,167.66666666666666
2.5563682702536473e-05,167.77777777777777
2.1724830027874934e-05,167.88888888888889
2.93291137816253e-05,168.0
2.0420447808094924e-05,168.11111111111111
1.5145982990058902e-05,168.2222222222222
2.3935089869367367e-05,168.33333333333331
1.9021461850131774e-05,168.44444444444443
2.636713955685667e-05,168.55555555555554
5.3432802446225456e-06,168.66666666666666
2.1633832988873964e-05,168.77777777777777
3.659378161458742e-05,168.88888888888889
2.9706836997489682e-05,169.0
5.623596854566667e-05,169.11111111111111
6.701227163453494e-06,169.2222222222222
1.011969087976762e-05,169.33333333333331
3.155619530249677e-05,169.44444444444443
1.2684313110014174e-05,169.55555555555554
5.245591156795699e-05,169.66666666666666
2.5104234498934328e-05,169.77777777777777
1.80934570264183e-05,169.88888888888889
2.1074415850598187e-05,170.0
2.1068684159447396e-05,170.11111111111111
2.7668963953829302e-05,170.2222222222222
3.576847825020346e-05,170.33333333333331
2.1227444029593224e-05,170.44444444444443
7.066528091175423e-06,170.55555555555554
1.4527503939079756e-05,170.66666666666666
4.09481056549217e-05,170.77777777777777
8.519181047128294e-06,170.88888888888889
2.0162540445108155e-05,171.0
2.2249366310491807e-05,171.11111111111111
8.420784476802863e-06,171.2222222222222
2.942029680595859e-05,171.33333333333331
1.2176740497739476e-05,171.44444444444443
9.013020012316084e-06,171.55555555555554
9.916332358085358e-06,171.66666666666666
1.5580563061517526e-05,171.77777777777777
1.0408739513919071e-05,171.88888888888889
3.874318754442238e-06,172.0
1.8715581220189988e-05,172.11111111111111
3.930758859854231e-05,172.2222222222222
4.537074500936167e-05,172.33333333333331
3.675583173858467e-05,172.44444444444443
2.1634265619480004e-05,172.55555555555554
2.1110107568358893e-05,172.66666666666666
1.4399885345922362e-05,172.77777777777777
1.6731908097134852e-05,172.88888888888889
1.8251996367832558e-05,173.0
2.468093811962723e-05,173.11111111111111
8.233373265084754e-06,173.2222222222222
2.440424067446533e-05,173.33333333333331
6.134598550466761e-06,173.44444444444443
6.10479105697133e-06,173.55555555555554
2.4140244870270944e-05,173.66666666666666
7.3824714908335835e-06,173.77777777777777
3.753231321501804e-05,173.88888888888889
2.9040018962497245e-05,174.0
2.885222611513589e-05,174.11111111111111
8.646559973552416e-06,174.2222222222222
1.736539538488178e-05,174.33333333333331
5.1502336095313604e-05,174.44444444444443
1.1883066601210337e-05,174.55555555555554
3.8353488393572394e-05,174.66666666666666
2.9129229691245612e-05,174.77777777777777
3.169846261439052e-05,174.88888888888889
1.3131086530330934e-05,175.0
2.7634412253046547e-05,175.11111111111111
7.1673901316859765e-06,175.2222222222222
1.4031502242478212e-05,175.33333333333331
2.584507243589705e-05,175.44444444444443
2.0926638262788067e-05,175.55555555555554
1.3895783635832477e-05,175.66666666666666
3.129625612941499e-05,175.77777777777777
2.51189164440158e-05,175.88888888888889
2.1782530650765522e-05,176.0
2.3931331429852918e-05,176.11111111111111
6.941375911246416e-06,176.2222222222222
1.1298122684519955e-05,176.33333333333331
2.4800806590722513e-05,176.44444444444443
1.76111839007727e-05,176.55555555555554
2.8099706409471903e-05,176.66666666666666
2.5278089441561112e-05,176.77777777777777
3.456655179514294e-05,176.88888888888889
8.642878383325045e-06,177.0
2.3686846567608204e-05,177.11111111111111
2.974810613271308e-05,177.2222222222222
1.6035641323718332e-05,177.33333333333331
2.729372926990382e-05,177.44444444444443
2.0387755504281575e-05,177.55555555555554
1.3293542656301916e-05,177.66666666666666
2.676034225131987e-05,177.77777777777777
1.9655209675795973e-05,177.88888888888889
1.5150085728721963e-05,178.0
7.94863240611244e-06,178.11111111111111
3.348096703764774e-05,178.2222222222222
5.528138922825245e-06,178.33333333333331
4.819751501965875e-05,178.44444444444443
3.0215411294225658e-05,178.55555555555554
2.8541753908000366e-05,178.66666666666666
1.5558489122748893e-06,178.77777777777777
2.4428948779493896e-06,178.88888888888889
2.8529417436771345e-05,179.0
1.615805236884336e-05,179.11111111111111
3.5492103147471025e-05,179.2222222222222
1.4853896245914731e-05,179.33333333333331
1.8245065418294428e-05,179.44444444444443
5.242493683041315e-06,179.55555555555554
2.5246976116171113e-05,179.66666666666666
1.3351001801924075e-05,179.77777777777777
2.3146321541230312e-05,179.88888888888889
4.0577016586588075e-05,180.0
3.117394296367518e-05,180.11111111111111
2.1015715004257588e-05,180.2222222222222
2.1056953741987604e-05,180.33333333333331
4.047369533938295e-06,180.44444444444443
2.173540868949889e-05,180.55555555555554
1.4749227406552867e-05,180.66666666666666
9.968634413320366e-06,180.77777777777777
4.891948408620762e-05,180.88888888888889
1.2722460494845007e-05,181.0
2.0827698128800394e-05,181.11111111111111
2.837828223848678e-05,181.2222222222222
1.530313990070316e-05,181.33333333333331
6.66412732439961e-06,181.44444444444443
2.364743316315399e-05,181.55555555555554
2.741943426352854e-05,181.66666666666666
2.6750857477026605e-05,181.77777777777777
2.3963984005508136e-05,181.88888888888889
1.7192687073245297e-05,182.0
3.649542576961805e-06,182.11111111111111
3.430873970716391e-05,182.2222222222222
2.6632004872885114e-05,182.33333333333331
1.808575722991853e-05,182.44444444444443
2.6326155424669163e-05,182.55555555555554
2.5755443309193895e-05,182.66666666666666
4.4625649747481845e-05,182.77777777777777
2.8337882357296664e-05,182.88888888888889
1.3417314570740393e-05,183.0
2.633344983053716e-05,183.11111111111111
6.346670743000917e-06,183.2222222222222
3.16611516639559e-05,183.33333333333331
9.409125807407494e-06,183.44444444444443
3.120541279843239e-05,183.55555555555554
1.864201112555033e-05,183.66666666666666
3.0046535656303527e-05,183.77777777777777
6.655762495237985e-06,183.88888888888889
1.0021252848710839e-05,184.0
1.6674180098721577e-05,184.11111111111111
3.374866736555941e-05,184.2222222222222
4.576857009585e-06,184.33333333333331
6.574527347673095e-06,184.44444444444443
2.472448537258951e-05,184.55555555555554
1.981492563574116e-05,184.66666666666666
1.1474363379813734e-05,184.77777777777777
2.7066945358441002e-05,184.88888888888889
3.3616867385429295e-05,185.0
2.9677012734502533e-05,185.11111111111111
2.1499404446206677e-05,185.2222222222222
2.1906039522474093e-05,185.33333333333331
4.046781940020552e-05,185.44444444444443
8.403839884468323e-06,185.55555555555554
2.5280082192836127e-05,185.66666666666666
3.793554784477427e-05,185.77777777777777
6.926629935659352e-06,185.88888888888889
1.7204394574560972e-05,186.0
1.6856406457500374e-05,186.11111111111111
1.7570688912297064e-05,186.2222222222222
1.3302873764465184e-05,186.33333333333331
2.873947791595096e-05,186.44444444444443
3.251082965663219e-05,186.55555555555554
3.568803393308087e-05,186.66666666666666
3.12205485630929e-05,186.77777777777777
1.3655654622490347e-05,186.88888888888889
2.7005241769397562e-05,187.0
1.1053689973960564e-05,187.11111111111111
1.9086642033664168e-07,187.2222222222222
2.4585937713580693e-05,187.33333333333331
3.630963638044047e-05,187.44444444444443
2.0955903197923633e-05,187.55555555555554
2.727371771664044e-05,187.66666666666666
1.2895873647120448e-05,187.77777777777777
2.0714358452313034e-05,187.88888888888889
3.578513122494077e-05,188.0
2.5036461355294875e-05,188.11111111111111
3.691383547029726e-05,188.2222222222222
1.6553870634169053e-05,188.33333333333331
3.116598131786031e-05,188.44444444444443
2.9970824666948183e-05,188.55555555555554
1.2058302274098405e-05,188.66666666666666
4.3769927854850854e-05,188.77777777777777
2.3715176073060265e-05,188.88888888888889
7.925423127923329e-06,189.0
7.994145425442012e-06,189.11111111111111
2.684559025420025e-05,189.2222222222222
1.7116781232869306e-05,189.33333333333331
1.9172319660014115e-05,189.44444444444443
2.7631951980088073e-05,189.55555555555554
5.558013452653067e-05,189.66666666666666
2.4468466663035987e-05,189.77777777777777
3.602443327221999e-05,189.88888888888889
4.081540875864362e-06,190.0
1.6555203804276688e-05,190.11111111111111
1.779857201584416e-05,190.2222222222222
1.8682886044956164e-05,190.33333333333331
1.7240634881874403e-05,190.44444444444443
2.5842589209126318e-05,190.55555555555554
1.2400150528640401e-05,190.66666666666666
2.2431474798661148e-05,190.77777777777777
2.4868763857567422e-05,190.88888888888889
2.1533257680726707e-05,191.0
1.1546267250172317e-05,191.11111111111111
6.429497800544119e-06,191.2222222222222
1.4568631370696115e-05,191.33333333333331
6.169535811505473e-06,191.44444444444443
3.3143720457451616e-05,191.55555555555554
3.256609626087558e-05,191.66666666666666
2.1338514810648346e-05,191.77777777777777
2.322948266505501e-05,191.88888888888889
1.0182202053675893e-05,192.0
3.54908893956377e-05,192.11111111111111
1.744491358950492e-05,192.2222222222222
8.7774082266102e-06,192.33333333333331
4.266029767614585e-06,192.44444444444443
2.519578541213117e-05,192.55555555555554
2.7956813429612585e-05,192.66666666666666
6.897127534959691e-06,192.77777777777777
3.870177206702747e-05,192.88888888888889
2.0736624856566767e-05,193.0
2.1284642237307733e-05,193.11111111111111
2.7955716848296718e-05,193.2222222222222
2.7851048170529087e-05,193.33333333333331
2.821181039019527e-06,193.44444444444443
1.7508009718656956e-05,193.55555555555554
2.1321402877259045e-05,193.66666666666666
2.2438464054375057e-05,193.77777777777777
1.5962356731377115e-05,193.88888888888889
2.5143931845179832e-05,194.0
1.2062074403047343e-05,194.11111111111111
2.992520449938121e-05,194.2222222222222
3.793792932505951e-05,194.33333333333331
4.532932741327561e-06,194.44444444444443
2.0385274710574583e-05,194.55555555555554
3.014360245786163e-05,194.66666666666666
2.4910917744628628e-05,194.77777777777777
5.2804152034262495e-06,194.88888888888889
2.0580105651856607e-05,195.0
2.9583011023976346e-05,195.11111111111111
5.744841163247538e-06,195.2222222222222
6.501590549732433e-06,195.33333333333331
3.004981742391979e-05,195.44444444444443
1.9084000368337738e-05,195.55555555555554
3.481169393205248e-05,195.66666666666666
2.9680006051653855e-05,195.77777777777777
2.6168306582345463e-05,195.88888888888889
3.775995987425129e-05,196.0
2.8994595390527957e-05,196.11111111111111
1.3192084646327494e-05,196.2222222222222
2.4252965731656862e-05,196.33333333333331
8.497692859719596e-06,196.44444444444443
1.7110180565532463e-05,196.55555555555554
2.7106502236279286e-05,196.66666666666666
4.8577066333455506e-05,196.77777777777777
3.385363413059295e-05,196.88888888888889
2.0344852590212355e-05,197.0
4.221539951776007e-05,197.11111111111111
2.454660788019264e-05,197.2222222222222
2.16577693632007e-05,197.33333333333331
1.4653478403076325e-05,197.44444444444443
3.890923674262079e-05,197.55555555555554
1.649414414389901e-05,197.66666666666666
2.3730469428243982e-05,197.77777777777777
2.5179628231738028e-05,197.88888888888889
7.4005297395171595e-06,198.0
1.6284369877621046e-05,198.11111111111111
9.167406151471752e-06,198.2222222222222
1.6331783810114015e-05,198.33333333333331
4.062467327591382e-05,198.44444444444443
2.194825873609078e-06,198.55555555555554
1.5515228349166663e-05,198.66666666666666
4.454445532923978e-05,198.77777777777777
1.123169069947202e-05,198.88888888888889
1.0474137814052154e-05,199.0
5.194175816816766e-06,199.1111111111111
1.0413123223691765e-05,199.2222222222222
1.1503586417737484e-05,199.33333333333331
8.708497678903995e-06,199.44444444444443
3.289691832976694e-05,199.55555555555554
9.498487167566422e-06,199.66666666666666
1.8484235768140547e-05,199.77777777777777
3.6539798127013024e-05,199.88888888888889
8.322371186933593e-06,200.0
2.7985866472501422e-05,200.1111111111111
1.2379391837365624e-05,200.2222222222222
1.3472775569910451e-05,200.33333333333331
2.4844280468555662e-05,200.44444444444443
1.662729737953856e-05,200.55555555555554
3.47570060149849e-05,200.66666666666666
2.6258037226642076e-05,200.77777777777777
1.2916143025520426e-05,200.88888888888889
1.3734160412452531e-05,201.0
9.091009629277319e-06,201.1111111111111
2.8906908513653916e-05,201.2222222222222
1.3353822310042166e-05,201.33333333333331
1.4608197335640162e-05,201.44444444444443
1.0869244020643875e-05,201.55555555555554
1.9659817497244665e-05,201.66666666666666
8.710587194741975e-06,201.77777777777777
2.066533520017024e-05,201.88888888888889
1.7798098658930822e-05,202.0
1.0283237462137239e-05,202.1111111111111
1.594853946351165e-05,202.2222222222222
3.136305751379164e-05,202.33333333333331
1.5179776819251597e-05,202.44444444444443
1.7110470297083883e-05,202.55555555555554
9.18466971714016e-06,202.66666666666666
1.0018316038545092e-05,202.77777777777777
9.601311469827056e-06,202.88888888888889
8.479944441332358e-06,203.0
2.962850437007092e-05,203.1111111111111
9.947610142905512e-06,203.2222222222222
1.0599160871193636e-05,203.33333333333331
2.596258162093496e-05,203.44444444444443
1.3086561003038632e-05,203.55555555555554
8.712332072434804e-06,203.66666666666666
1.2073571340837535e-05,203.77777777777777
3.513671652472021e-05,203.88888888888889
1.7831626250260968e-05,204.0
5.047379745877123e-05,204.1111111111111
1.6246375316634206e-05,204.2222222222222
2.223094602750359e-05,204.33333333333331
2.3935990557868698e-05,204.44444444444443
3.276011508599036e-05,204.55555555555554
6.101962668826897e-05,204.66666666666666
1.0984340796584041e-05,204.77777777777777
8.558972095127466e-06,204.88888888888889
2.4205197001467334e-05,205.0
4.381583699182945e-06,205.1111111111111
1.2381412780595587e-05,205.2222222222222
5.087447106163484e-05,205.33333333333331
3.6536657836790924e-05,205.44444444444443
2.7185866182008204e-05,205.55555555555554
2.203266527145732e-05,205.66666666666666
1.3915992704969145e-05,205.77777777777777
1.1911267156233481e-05,205.88888888888889
2.578083368227072e-05,206.0
4.013356641479301e-05,206.1111111111111
1.3202947781498071e-05,206.2222222222222
8.904918074001372e-06,206.33333333333331
5.875372800401294e-06,206.44444444444443
2.0210192067766075e-05,206.55555555555554
2.1778989531097812e-05,206.66666666666666
1.367319868229255e-05,206.77777777777777
4.532191992405171e-05,206.88888888888889
2.7182955910673935e-05,207.0
6.237212881815431e-06,207.1111111111111
2.778642226240595e-05,207.2222222222222
7.091168696120253e-06,207.33333333333331
1.5108355205308936e-05,207.44444444444443
2.0497180503051556e-05,207.55555555555554
6.199802903886149e-06,207.66666666666666
1.887909781556555e-05,207.77777777777777
3.7779876000491755e-05,207.88888888888889
1.965025977823758e-05,208.0
3.725545730413991e-05,208.1111111111111
3.061247953363976e-05,208.2222222222222
2.6804944994179635e-05,208.33333333333331
3.3756087559689866e-05,208.44444444444443
1.5054997661328528e-05,208.55555555555554
3.299408261904548e-05,208.66666666666666
5.5018373719296484e-05,208.77777777777777
2.8657214473226224e-05,208.88888888888889
3.6982038467704436e-06,209.0
2.5627472952151794e-05,209.1111111111111
2.0047072893918782e-05,209.2222222222222
1.7975645949638992e-05,209.33333333333331
1.66104511954096e-05,209.44444444444443
4.021954213472441e-05,209.55555555555554
2.6376425497304575e-05,209.66666666666666
2.2647217378930535e-05,209.77777777777777
2.0018158444539533e-05,209.88888888888889
2.036480461326682e-05,210.0
8.078665213487663e-06,210.1111111111111
1.7363392913821917e-05,210.2222222222222
4.5849223331137635e-05,210.33333333333331
2.2734394683967813e-05,210.44444444444443
1.963571535054448e-05,210.55555555555554
9.177903412513774e-06,210.66666666666666
1.5303089678480125e-05,210.77777777777777
1.8646193441291533e-05,210.88888888888889
1.6755063341536776e-05,211.0
2.5529958751671233e-05,211.1111111111111
2.529646695374945e-05,211.2222222222222
2.6072775345666848e-05,211.33333333333331
1.9412724731766017e-05,211.44444444444443
1.3018433992770925e-05,211.55555555555554
4.344808016170713e-06,211.66666666666666
1.9462151560123417e-05,211.77777777777777
1.1992926156494703e-05,211.88888888888889
1.103231294362562e-05,212.0
3.3575529357580715e-05,212.1111111111111
1.4730221597131747e-05,212.2222222222222
4.062045050746326e-05,212.33333333333331
4.983579796190874e-06,212.44444444444443
2.274345967539665e-06,212.55555555555554
1.1788748830614173e-05,212.66666666666666
2.0559643252646787e-05,212.77777777777777
1.933945936168413e-05,212.88888888888889
2.0050857293279182e-05,213.0
1.985572128827197e-05,213.1111111111111
2.1656521419038118e-05,213.2222222222222
1.781024386346773e-05,213.33333333333331
2.5583413153448867e-05,213.44444444444443
2.5180046994767323e-05,213.55555555555554
3.685306095400394e-05,213.66666666666666
2.5196220652440862e-05,213.77777777777777
2.4221248837353904e-05,213.88888888888889
4.141014594319467e-06,214.0
1.708920026723333e-05,214.1111111111111
1.968260979947061e-05,214.2222222222222
2.5804490409657767e-05,214.33333333333331
7.778271114343722e-06,214.44444444444443
2.4710352221207965e-05,214.55555555555554
2.11534599768556e-05,214.66666666666666
2.576314451429574e-05,214.77777777777777
4.251020506339471e-05,214.88888888888889
2.8827674028859087e-05,215.0
3.364764266176226e-05,215.1111111111111
2.843753399679103e-05,215.2222222222222
3.0325349635752867e-05,215.33333333333331
2.6122650775670733e-05,215.44444444444443
1.8659252895847376e-05,215.55555555555554
8.196983410864644e-06,215.66666666666666
3.199502030706469e-05,215.77777777777777
1.104739325152755e-05,215.88888888888889
2.105118422396778e-05,216.0
1.1537095438203625e-05,216.1111111111111
1.6227827990803164e-05,216.2222222222222
1.7872172579032653e-05,216.33333333333331
2.6895155270108517e-05,216.44444444444443
1.1351407856351421e-05,216.55555555555554
2.3085025496211794e-05,216.66666666666666
2.1236690598485883e-05,216.77777777777777
3.25192929563669e-05,216.88888888888889
6.866250671889655e-06,217.0
3.194173474942645e-05,217.1111111111111
1.7328433795996825e-05,217.2222222222222
8.760797988359037e-06,217.33333333333331
3.277778814345361e-05,217.44444444444443
1.861231598062617e-05,217.55555555555554
7.97648760935789e-06,217.66666666666666
3.178464951237121e-05,217.77777777777777
2.8447492291308596e-05,217.88888888888889
1.831561919903841e-05,218.0
3.463710141033694e-05,218.1111111111111
2.3957548039436767e-05,218.2222222222222
1.7460245747681765e-05,218.33333333333331
1.5531487015034923e-05,218.44444444444443
2.2577489576602942e-05,218.55555555555554
1.4141466008926728e-05,218.66666666666666
2.1913176010607495e-05,218.77777777777777
1.9380547629836085e-05,218.88888888888889
4.0439083028476906e-05,219.0
2.6901372354195812e-05,219.1111111111111
1.8589446522809383e-05,219.2222222222222
1.8583160330226273e-05,219.33333333333331
2.395654906686305e-05,219.44444444444443
1.7993503602686125e-05,219.55555555555554
5.284091521382253e-05,219.66666666666666
2.8774728323446836e-05,219.77777777777777
1.444925058632732e-05,219.88888888888889
1.589445865737034e-05,220.0
1.6728547575179064e-05,220.1111111111111
1.0298148905882113e-05,220.2222222222222
7.860334349952516e-06,220.33333333333331
1.7795793941508757e-05,220.44444444444443
2.0965069059124406e-05,220.55555555555554
2.3136735736552862e-05,220.66666666666666
3.4137827492038164e-05,220.77777777777777
6.1742050412887096e-06,220.88888888888889
1.3114738441374155e-05,221.0
2.7742265907588045e-05,221.1111111111111
1.5340017725547557e-05,221.2222222222222
4.892408353849596e-05,221.33333333333331
9.722682249579188e-06,221.44444444444443
3.730935889947228e-07,221.55555555555554
2.391631672823158e-05,221.66666666666666
5.506430708650904e-06,221.77777777777777
2.3271444735174724e-05,221.88888888888889
8.87910814757748e-06,222.0
2.2229770798258225e-05,222.1111111111111
2.4178323214517153e-05,222.2222222222222
2.1980482785839643e-05,222.33333333333331
2.6025848607690895e-05,222.44444444444443
8.08401510250388e-06,222.55555555555554
2.296627804264701e-05,222.66666666666666
3.408414303742237e-05,222.77777777777777
2.486998621491073e-05,222.88888888888889
2.0073410936499573e-05,223.0
2.1081963498277534e-05,223.1111111111111
1.4485308807652034e-05,223.2222222222222
1.011869370921155e-05,223.33333333333331
1.380251205683082e-05,223.44444444444443
2.847915288391887e-05,223.55555555555554
2.1188982806440517e-05,223.66666666666666
1.8799678672784177e-05,223.77777777777777
1.4881002468227757e-05,223.88888888888889
1.6945628586415694e-05,224.0
4.9549738565891716e-05,224.1111111111111
2.4014753427679584e-05,224.2222222222222
3.3796540185108836e-05,224.33333333333331
4.912663883773503e-06,224.44444444444443
1.900333972926164e-05,224.55555555555554
2.090187241654058e-05,224.66666666666666
2.7380501482584068e-05,224.77777777777777
1.2739456886783094e-05,224.88888888888889
4.49666040793018e-06,225.0
7.402313621224383e-06,225.1111111111111
2.418351647095224e-05,225.2222222222222
1.1879233861960527e-05,225.33333333333331
1.6107354449772657e-05,225.44444444444443
2.8713179675196048e-05,225.55555555555554
2.6009950220099048e-05,225.66666666666666
2.792077979901844e-05,225.77777777777777
4.4300996681498265e-05,225.88888888888889
2.5477774203931718e-05,226.0
3.1105012815061784e-05,226.1111111111111
1.7140472147164414e-06,226.2222222222222
1.682689283018387e-05,226.33333333333331
1.307217940761802e-05,226.44444444444443
1.7486242348130904e-05,226.55555555555554
2.0965098798966814e-05,226.66666666666666
2.0567912468978314e-05,226.77777777777777
1.8153215398680595e-05,226.88888888888889
3.1601229119860066e-05,227.0
2.6786482563530213e-05,227.1111111111111
2.0110487171820147e-05,227.2222222222222
2.0491211175570497e-05,227.33333333333331
1.6751255120397917e-05,227.44444444444443
3.822177338430162e-05,227.55555555555554
1.8204833465623497e-05,227.66666666666666
3.0294186521690036e-05,227.77777777777777
1.832192926823472e-05,227.88888888888889
3.869369511238768e-06,228.0
2.6718061422183658e-05,228.1111111111111
3.088491558914859e-05,228.2222222222222
1.681849025371081e-05,228.33333333333331
2.9666062632366958e-05,228.44444444444443
1.837629032625749e-05,228.55555555555554
9.986019508552514e-06,228.66666666666666
3.191626582252449e-05,228.77777777777777
3.3023311007660596e-05,228.88888888888889
1.7419652588306077e-05,229.0
1.982278266131469e-05,229.1111111111111
1.123396751385513e-05,229.2222222222222
1.3578113215527805e-05,229.33333333333331
2.1350206067700778e-06,229.44444444444443
5.6001014873306045e-06,229.55555555555554
3.67110570809561e-05,229.66666666666666
1.857404126339925e-05,229.77777777777777
8.308806226403537e-06,229.88888888888889
2.4727814198024735e-05,230.0
1.2524058298997453e-05,230.1111111111111
9.626345742198174e-06,230.2222222222222
1.928197651505957e-05,230.33333333333331
1.9566878159609726e-05,230.44444444444443
2.5039155580036185e-05,230.55555555555554
2.243062718976079e-05,230.66666666666666
5.067504383356031e-05,230.77777777777777
1.822203468138842e-05,230.88888888888889
1.1853161412553552e-05,231.0
3.096716121266761e-05,231.1111111111111
4.27743346459532e-05,231.2222222222222
9.242730476572325e-06,231.33333333333331
2.0560526912666862e-05,231.44444444444443
3.7410691528147146e-05,231.55555555555554
2.042029278035342e-05,231.66666666666666
3.3716602608734194e-05,231.77777777777777
2.617143123934861e-05,231.88888888888889
3.3060184204967765e-05,232.0
7.998370881972481e-06,232.1111111111111
1.643182452590795e-05,232.2222222222222
2.785814288732915e-05,232.33333333333331
2.256663247184773e-05,232.44444444444443
3.090779058477279e-05,232.55555555555554
2.255195275080614e-05,232.66666666666666
1.3210066121580293e-05,232.77777777777777
6.42753353527623e-05,232.88888888888889
1.2616146581043169e-05,233.0
2.6297868007536933e-05,233.1111111111111
2.89458262694567e-05,233.2222222222222
2.691529622119703e-05,233.33333333333331
2.005828390277288e-05,233.44444444444443
1.7250466089985027e-05,233.55555555555554
2.3095881701094356e-05,233.66666666666666
1.9907822895864318e-05,233.77777777777777
1.658904415051484e-05,233.88888888888889
7.691992433911579e-06,234.0
2.205365924242258e-05,234.1111111111111
3.207197338753818e-05,234.2222222222222
3.792808940054685e-05,234.33333333333331
1.5440571345641965e-05,234.44444444444443
2.173568385277226e-05,234.55555555555554
3.054428188699272e-05,234.66666666666666
1.540901854207801e-05,234.77777777777777
2.53486995290038e-05,234.88888888888889
9.227449049286907e-06,235.0
1.0731230082387671e-05,235.1111111111111
2.0425424272567174e-05,235.2222222222222
2.691176429713368e-05,235.33333333333331
1.4910555417718004e-05,235.44444444444443
3.9238980105887684e-05,235.55555555555554
3.375981898836245e-05,235.66666666666666
2.9421097942216127e-05,235.77777777777777
1.4581483658095006e-05,235.88888888888889
3.37256320020573e-05,236.0
1.170607210459757e-05,236.1111111111111
1.997367486976931e-05,236.2222222222222
6.947652796160554e-06,236.33333333333331
2.714440554687729e-05,236.44444444444443
2.676439104885941e-05,236.55555555555554
4.956280266844183e-06,236.66666666666666
1.1011269062824962e-05,236.77777777777777
1.78136517549226e-05,236.88888888888889
2.035568902305448e-05,237.0
1.521210145393603e-05,237.1111111111111
2.0429143752095914e-05,237.2222222222222
6.023907219836212e-06,237.33333333333331
4.106134170290802e-05,237.44444444444443
1.5446221564281862e-05,237.55555555555554
6.672515698778405e-06,237.66666666666666
6.808772057529086e-06,237.77777777777777
2.168809541453286e-05,237.88888888888889
2.088173598849065e-05,238.0
9.382276684242955e-06,238.1111111111111
1.0439417757185608e-05,238.2222222222222
8.8502173461784e-06,238.33333333333331
6.937750220675337e-06,238.44444444444443
1.9368250268582847e-05,238.55555555555554
1.0518458548447832e-05,238.66666666666666
2.14461431901949e-05,238.77777777777777
1.4314362382909491e-05,238.88888888888889
1.5625263526297288e-05,239.0
3.561181258075473e-05,239.1111111111111
7.898381570659653e-06,239.2222222222222
5.105940271485526e-06,239.33333333333331
3.785463449969584e-05,239.44444444444443
8.931320175606715e-07,239.55555555555554
3.501630323681128e-05,239.66666666666666
1.6825852763249008e-05,239.77777777777777
1.3162700902542567e-05,239.88888888888889
2.4090992731084476e-05,240.0
1.692748831644992e-05,240.1111111111111
1.9276764693369505e-05,240.2222222222222
3.7225090590503805e-06,240.33333333333331
2.5251663699930568e-05,240.44444444444443
1.0967298824444773e-05,240.55555555555554
5.970751068639274e-06,240.66666666666666
7.001750033214756e-06,240.77777777777777
2.392454691409879e-05,240.88888888888889
9.920764151158665e-06,241.0
2.6983139402916706e-05,241.1111111111111
1.9762291942259357e-05,241.2222222222222
1.2925734102170285e-05,241.33333333333331
1.7981217013321995e-05,241.44444444444443
1.7621046429672826e-05,241.55555555555554
7.1072138154500025e-06,241.66666666666666
8.987705003930267e-06,241.77777777777777
5.139748688845784e-05,241.88888888888889
4.585209240708963e-05,242.0
4.7422302911965675e-06,242.1111111111111
3.6453395298983696e-05,242.2222222222222
1.9456431015807868e-05,242.33333333333331
1.7019058847680686e-05,242.44444444444443
5.359677759706185e-06,242.55555555555554
1.9677946182592432e-05,242.66666666666666
2.6309062964552963e-05,242.77777777777777
2.8906213845795368e-05,242.88888888888889
1.052005407839124e-05,243.0
6.802161640058877e-06,243.1111111111111
2.3266943952789673e-05,243.2222222222222
2.0574575241935056e-05,243.33333333333331
3.2158202877613986e-05,243.44444444444443
4.601984675778109e-05,243.55555555555554
2.7649800901175575e-05,243.66666666666666
3.350010381406988e-05,243.77777777777777
1.4082844951926367e-05,243.88888888888889
5.089398451704074e-05,244.0
4.557446205510866e-05,244.1111111111111
7.070360215958843e-06,244.2222222222222
2.4271781092151735e-05,244.33333333333331
2.804245400444675e-05,244.44444444444443
3.216474973963075e-05,244.55555555555554
2.1005064948442755e-05,244.66666666666666
2.275433424167095e-05,244.77777777777777
9.107850741124873e-06,244.88888888888889
9.207754267371726e-06,245.0
1.7994079910561757e-05,245.1111111111111
2.671847782771934e-05,245.2222222222222
2.906756018157182e-05,245.33333333333331
2.565327393691204e-05,245.44444444444443
2.0935181895580075e-05,245.55555555555554
1.4309523741767228e-05,245.66666666666666
1.1394445704068372e-05,245.77777777777777
2.2988151586498698e-05,245.88888888888889
1.646595507924635e-05,246.0
2.801726613360759e-05,246.1111111111111
1.1812765690323941e-05,246.2222222222222
2.424349669084659e-05,246.33333333333331
1.4698073658401529e-05,246.44444444444443
1.826700481862319e-05,246.55555555555554
1.4896805551606995e-05,246.66666666666666
1.4108447422667044e-06,246.77777777777777
9.860586595933218e-06,246.88888888888889
3.7895530966560184e-05,247.0
3.352892700458048e-05,247.1111111111111
1.0381158610734806e-05,247.2222222222222
1.811123371004217e-05,247.33333333333331
1.5926377532387296e-05,247.44444444444443
5.757383232729882e-06,247.55555555555554
3.8208875203129835e-05,247.66666666666666
2.1928488245613763e-05,247.77777777777777
1.682685222768388e-05,247.88888888888889
4.453707790923761e-06,248.0
1.6994000174439e-05,248.1111111111111
6.900441036450793e-06,248.2222222222222
3.003524649116793e-05,248.33333333333331
4.178257917770513e-05,248.44444444444443
3.3249376183680824e-06,248.55555555555554
5.863544213725485e-06,248.66666666666666
6.0491062385388605e-06,248.77777777777777
1.0235029688787742e-05,248.88888888888889
4.0555735736013665e-05,249.0
7.85101829441245e-06,249.1111111111111
9.827163590903593e-06,249.2222222222222
4.415180220301635e-05,249.33333333333331
1.4730291956652335e-05,249.44444444444443
7.328230329440539e-06,249.55555555555554
1.872911307688658e-05,249.66666666666666
1.3673192235925672e-05,249.77777777777777
2.120768262408814e-05,249.88888888888889
1.7911993361237304e-05,250.0
1.14591478336913e-05,250.1111111111111
1.1904265610360435e-05,250.2222222222222
4.60675148707677e-05,250.33333333333331
1.2701224710189747e-05,250.44444444444443
2.1896834640221162e-05,250.55555555555554
1.3666273740865681e-05,250.66666666666666
2.017778659090075e-05,250.77777777777777
2.7363757671710554e-05,250.88888888888889
2.0718724267570455e-05,251.0
2.5774735301459868e-05,251.1111111111111
3.3475259747264733e-05,251.2222222222222
1.2855646445204805e-05,251.33333333333331
1.7928120566493938e-05,251.44444444444443
1.3978950367479174e-05,251.55555555555554
2.18409073021417e-05,251.66666666666666
3.7269214264650967e-06,251.77777777777777
1.9143594070065445e-05,251.88888888888889
4.6734588239737665e-05,252.0
5.044936825606425e-05,252.1111111111111
1.298750924934396e-06,252.2222222222222
1.753674818512252e-05,252.33333333333331
3.941519152700106e-06,252.44444444444443
2.3225953057502376e-05,252.55555555555554
2.4100617445065138e-05,252.66666666666666
1.9453511437917517e-05,252.77777777777777
1.4592433673027113e-05,252.88888888888889
2.409891748501089e-05,253.0
5.290292801816213e-05,253.1111111111111
9.401889436200606e-06,253.2222222222222
2.4943717083538675e-05,253.33333333333331
2.6463807027773307e-05,253.44444444444443
6.516037621176825e-06,253.55555555555554
2.7931414650932646e-05,253.66666666666666
2.7654799783764935e-05,253.77777777777777
3.0629706178408794e-05,253.88888888888889
1.0228425732995984e-05,254.0
1.8259605307707955e-05,254.1111111111111
4.3374374878831037e-05,254.2222222222222
1.4689014534598964e-05,254.33333333333331
9.87736299068236e-06,254.44444444444443
4.2795528365078814e-05,254.55555555555554
9.013385575511111e-06,254.66666666666666
2.2709200113394804e-05,254.77777777777777
1.0111507221162429e-05,254.88888888888889
1.5592439278341606e-05,255.0
7.857873508157314e-06,255.1111111111111
2.1377077406070234e-05,255.2222222222222
3.073451212030862e-05,255.33333333333331
1.8178334450005188e-05,255.44444444444443
2.692993314995804e-05,255.55555555555554
1.6253563885191102e-05,255.66666666666666
7.656609697408977e-06,255.77777777777777
2.682074399618372e-05,255.88888888888889
1.779943432770398e-05,256.0
2.8314598003424184e-05,256.1111111111111
3.5069817462134285e-05,256.22222222222223
1.614707324113957e-05,256.3333333333333
2.132949949742534e-05,256.44444444444446
2.1243769567731958e-05,256.55555555555554
1.2694617211809166e-05,256.66666666666663
5.292725224346738e-06,256.77777777777777
1.1516662302963526e-05,256.88888888888886
1.4530488431365524e-05,257.0
2.7024562913369794e-05,257.1111111111111
4.2105733974810784e-05,257.22222222222223
5.0376899100754955e-05,257.3333333333333
1.7767512049048325e-05,257.44444444444446
1.4568878219917605e-05,257.55555555555554
9.776477234825728e-06,257.66666666666663
1.6556514816653587e-05,257.77777777777777
1.6684113156029453e-05,257.88888888888886
2.135737106406291e-05,258.0
2.6288554898965654e-05,258.1111111111111
9.43411329413884e-06,258.22222222222223
2.352922898190487e-05,258.3333333333333
2.191124194898955e-05,258.44444444444446
1.2179855655359126e-05,258.55555555555554
3.031582331868742e-05,258.66666666666663
7.819585408583846e-06,258.77777777777777
3.0987845990843256e-05,258.88888888888886
2.5536934643020094e-05,259.0
9.240792157299158e-06,259.1111111111111
2.015938380073023e-05,259.22222222222223
5.189383807309139e-06,259.3333333333333
3.530057738038433e-05,259.44444444444446
1.6797872358089982e-05,259.55555555555554
3.6469029235450885e-05,259.66666666666663
1.6243434419975924e-05,259.77777777777777
5.379532887581961e-06,259.88888888888886
6.953642466440082e-06,260.0
1.8719527904555507e-05,260.1111111111111
1.0494853904158101e-05,260.22222222222223
3.2232333622767513e-05,260.3333333333333
5.118467215349006e-06,260.44444444444446
2.0926861077681847e-05,260.55555555555554
1.716042952060495e-05,260.66666666666663
2.643813675202497e-05,260.77777777777777
3.41404290710023e-05,260.88888888888886
2.001544241747153e-05,261.0
5.6549982434981305e-05,261.1111111111111
1.9062960551995875e-05,261.22222222222223
1.5417049576937707e-05,261.3333333333333
1.9506124997312125e-05,261.44444444444446
2.492063729102177e-05,261.55555555555554
8.801118678996644e-06,261.66666666666663
4.175455398975738e-06,261.77777777777777
2.1576993088386114e-05,261.88888888888886
4.314117506141489e-05,262.0
2.0236828702114923e-05,262.1111111111111
2.3043815402140146e-05,262.22222222222223
1.3520668404551545e-05,262.3333333333333
3.193536661733498e-05,262.44444444444446
1.695741566224136e-05,262.55555555555554
4.074820860926971e-05,262.66666666666663
1.722124364942627e-05,262.77777777777777
2.4437349680471177e-05,262.88888888888886
3.2824965591921744e-05,263.0
2.819009332300937e-05,263.1111111111111
1.4503533909888124e-05,263.22222222222223
3.032070145920457e-05,263.3333333333333
1.054072283051997e-05,263.44444444444446
2.478606801462931e-05,263.55555555555554
4.6153681027405534e-05,263.66666666666663
2.6646097872443448e-06,263.77777777777777
7.044563077405811e-06,263.88888888888886
1.8036407232550515e-05,264.0
4.088348975561073e-05,264.1111111111111
2.6104411203392737e-05,264.22222222222223
4.235216392357393e-06,264.3333333333333
1.515395953258742e-06,264.44444444444446
2.905903514877947e-05,264.55555555555554
3.0018091416731664e-05,264.66666666666663
8.257454988174904e-06,264.77777777777777
7.764753212779532e-06,264.88888888888886
1.863022790143988e-05,265.0
2.512205883256203e-05,265.1111111111111
3.008017633378603e-05,265.22222222222223
5.8064697869362e-06,265.3333333333333
1.9598014308561627e-05,265.44444444444446
4.594871366566265e-05,265.55555555555554
1.345968460854888e-05,265.66666666666663
2.8599235523534115e-05,265.77777777777777
1.8731939954066158e-05,265.88888888888886
2.299034379042466e-05,266.0
3.3705327536336307e-05,266.1111111111111
3.135737869702684e-05,266.22222222222223
1.2776224390722813e-05,266.3333333333333
3.3566280098249685e-05,266.44444444444446
1.3882691257584488e-05,266.55555555555554
7.643569121495615e-06,266.66666666666663
6.2023799348406e-07,266.77777777777777
7.137414877940142e-06,266.88888888888886
4.035390196481648e-06,267.0
2.7778747786553755e-05,267.1111111111111
2.3862091455595677e-05,267.22222222222223
1.7126684093064116e-05,267.3333333333333
2.825107501942024e-05,267.44444444444446
3.490307005810698e-05,267.55555555555554
3.161273756693314e-05,267.66666666666663
1.6133370310218822e-05,267.77777777777777
3.0207436119962525e-05,267.88888888888886
3.5317652498039724e-05,268.0
1.2994386513463421e-05,268.1111111111111
3.46791836515658e-06,268.22222222222223
2.2417891198909008e-05,268.3333333333333
2.2730929308213703e-05,268.44444444444446
1.3618134700610313e-05,268.55555555555554
8.58973695211154e-06,268.66666666666663
4.9874852435418004e-06,268.77777777777777
2.8504507201900715e-05,268.88888888888886
1.0762781600915152e-05,269.0
5.95853836293971e-06,269.1111111111111
1.5341769931162948e-05,269.22222222222223
1.8637527326067572e-05,269.3333333333333
2.1399181056361486e-05,269.44444444444446
4.0268720438229725e-05,269.55555555555554
1.0064794021358469e-05,269.66666666666663
3.5730425127746014e-05,269.77777777777777
5.152171084714255e-06,269.88888888888886
2.144831474652977e-05,270.0
1.947937282854368e-05,270.1111111111111
2.3502163615905753e-05,270.22222222222223
3.0046082986886063e-05,270.3333333333333
2.163193103481054e-05,270.44444444444446
2.7788082918091104e-05,270.55555555555554
1.8284164740039708e-05,270.66666666666663
2.9961613597392477e-05,270.77777777777777
8.678732093998758e-06,270.88888888888886
3.4519708600281404e-05,271.0
1.4769782836996138e-05,271.1111111111111
2.937552700283417e-05,271.22222222222223
1.3568417411228235e-05,271.3333333333333
6.521080718784085e-06,271.44444444444446
2.456710520154021e-05,271.55555555555554
1.305543804912798e-05,271.66666666666663
1.4040413073557567e-05,271.77777777777777
1.281609522123521e-05,271.88888888888886
4.45668304208744e-05,272.0
2.218195108581481e-05,272.1111111111111
5.867925185386033e-06,272.22222222222223
1.656718488057487e-05,272.3333333333333
9.847307964654306e-06,272.44444444444446
1.278289850775045e-05,272.55555555555554
4.7585662161812814e-05,272.66666666666663
1.3887995513988005e-05,272.77777777777777
2.1634704715044427e-05,272.88888888888886
3.0978316839838437e-06,273.0
1.682357978417631e-05,273.1111111111111
2.1937598436088936e-05,273.22222222222223
4.761719843244566e-05,273.3333333333333
1.6144721904285228e-05,273.44444444444446
3.511262804443558e-05,273.55555555555554
2.5078567803232257e-05,273.66666666666663
2.758061257110389e-05,273.77777777777777
1.914664000760204e-05,273.88888888888886
1.7469656922326915e-05,274.0
9.460300864787207e-06,274.1111111111111
3.6368857211958495e-05,274.22222222222223
1.5273789228382325e-05,274.3333333333333
1.714300392486104e-05,274.44444444444446
3.999270317881385e-05,274.55555555555554
3.172708151079248e-05,274.66666666666663
1.689278826463959e-05,274.77777777777777
9.384125506705022e-06,274.88888888888886
7.5295278228974585e-06,275.0
1.9765011723891126e-05,275.1111111111111
2.4148338325520553e-05,275.22222222222223
1.2215737068128912e-05,275.3333333333333
2.329825159494116e-05,275.44444444444446
1.7419995244567423e-05,275.55555555555554
2.2969543926236022e-05,275.66666666666663
1.0240641283492012e-05,275.77777777777777
1.7041965064346567e-05,275.88888888888886
3.540150049367982e-05,276.0
2.2449356537679407e-05,276.1111111111111
8.563684294176511e-06,276.22222222222223
2.4517326389154005e-05,276.3333333333333
1.4554705739272074e-05,276.44444444444446
1.393414902879588e-05,276.55555555555554
7.5483465877683215e-06,276.66666666666663
2.304684286246729e-05,276.77777777777777
2.983355091740981e-05,276.88888888888886
1.339807706644727e-05,277.0
2.7083816870753825e-06,277.1111111111111
1.815705601332583e-05,277.22222222222223
3.6232676545509835e-05,277.3333333333333
2.2562833202358282e-05,277.44444444444446
7.44865284110771e-05,277.55555555555554
1.0621563510221877e-05,277.66666666666663
1.4471436256415362e-05,277.77777777777777
3.0453225205627185e-05,277.88888888888886
1.0183108766833722e-05,278.0
1.4547283831720993e-05,278.1111111111111
2.392299968058737e-05,278.22222222222223
4.099891783372942e-05,278.3333333333333
1.9182903498156628e-05,278.44444444444446
1.5846508846916453e-05,278.55555555555554
2.890624378306151e-05,278.66666666666663
2.541264240571715e-05,278.77777777777777
1.860806466111493e-05,278.88888888888886
1.9147653733187245e-05,279.0
3.668040012814126e-05,279.1111111111111
1.4003166192589953e-05,279.22222222222223
2.0458077268271455e-05,279.3333333333333
2.9153201783685125e-05,279.44444444444446
1.1955987080379217e-06,279.55555555555554
4.5900432378796244e-05,279.66666666666663
2.4254703768988204e-05,279.77777777777777
1.4113276675947364e-05,279.88888888888886
1.671981905944724e-05,280.0
3.22554604002673e-05,280.1111111111111
2.0507092446358703e-05,280.22222222222223
1.4670074586363295e-05,280.3333333333333
3.088844148698647e-05,280.44444444444446
2.165739114095999e-05,280.55555555555554
1.735671017507602e-05,280.66666666666663
7.560268329122513e-06,280.77777777777777
3.558696907134362e-06,280.88888888888886
1.0909881732330217e-05,281.0
3.2239467161841574e-05,281.1111111111111
1.0757885885190221e-05,281.22222222222223
1.3816795633068451e-05,281.3333333333333
3.073498970113464e-06,281.44444444444446
4.358181918839041e-05,281.55555555555554
3.943704691180628e-05,281.66666666666663
4.1385259059572165e-05,281.77777777777777
4.033768844537267e-06,281.88888888888886
2.587218289764591e-05,282.0
1.0288382147656046e-05,282.1111111111111
4.440905809077844e-05,282.22222222222223
2.6933943009842713e-05,282.3333333333333
2.92145355663395e-05,282.44444444444446
1.7675482759995265e-05,282.55555555555554
2.0809665307136155e-05,282.66666666666663
3.5076942970367725e-05,282.77777777777777
1.5100729931843433e-05,282.88888888888886
2.4510271736032622e-05,283.0
2.5582146544841163e-05,283.1111111111111
2.7711956261662787e-05,283.22222222222223
1.4302181387760871e-05,283.3333333333333
2.5580328265985384e-05,283.44444444444446
4.467642799243278e-05,283.55555555555554
2.022541394294803e-05,283.66666666666663
2.3994557891969405e-05,283.77777777777777
1.4187020133554617e-05,283.88888888888886
1.6947440465091828e-05,284.0
2.9383932055666716e-05,284.1111111111111
1.3926048429767622e-05,284.22222222222223
1.1291680145302091e-05,284.3333333333333
1.4166588071682712e-05,284.44444444444446
1.8997190176155464e-05,284.55555555555554
3.079938063362538e-05,284.66666666666663
3.218763001476336e-05,284.77777777777777
3.542452991140281e-05,284.88888888888886
2.0003681589320585e-05,285.0
2.03232378091112e-05,285.1111111111111
2.6092852212674094e-05,285.22222222222223
1.7143947559140606e-05,285.3333333333333
2.2078340950523183e-05,285.4444444444444
2.282183888042592e-05,285.55555555555554
2.6777202505737258e-05,285.66666666666663
4.174144919237486e-05,285.77777777777777
1.915131160689497e-05,285.88888888888886
4.867202108410383e-05,286.0
8.63073604945928e-06,286.1111111111111
2.278106343397866e-05,286.22222222222223
2.8186123464639984e-06,286.3333333333333
2.08003633056745e-05,286.4444444444444
2.58227895197039e-05,286.55555555555554
2.7957438566239606e-05,286.66666666666663
1.644168997475316e-05,286.77777777777777
2.255906819971311e-05,286.88888888888886
1.4513519420775463e-05,287.0
1.071614657720621e-05,287.1111111111111
1.3808801200828983e-05,287.22222222222223
2.8675403009883822e-05,287.3333333333333
2.115646601640515e-06,287.4444444444444
2.5001649696284876e-05,287.55555555555554
3.8160657249758504e-05,287.66666666666663
3.51668212180299e-05,287.77777777777777
1.710501576337816e-05,287.88888888888886
4.1994285933484175e-06,288.0
3.190694172423795e-05,288.1111111111111
2.4921819082032388e-05,288.22222222222223
2.1943862983691943e-05,288.3333333333333
3.110383325617857e-05,288.4444444444444
2.5323052815268717e-05,288.55555555555554
3.3470682082061096e-05,288.66666666666663
1.4686907831523773e-05,288.77777777777777
3.318481953393819e-05,288.88888888888886
4.194799963368133e-05,289.0
1.591334843223238e-05,289.1111111111111
8.95816206367806e-06,289.22222222222223
3.2535672709441746e-05,289.3333333333333
9.157920013607642e-06,289.4444444444444
2.354752680352328e-05,289.55555555555554
1.4501688335789152e-05,289.66666666666663
1.9609055172841964e-05,289.77777777777777
2.3487382824741722e-05,289.88888888888886
2.6522153383267633e-05,290.0
2.199461047643653e-05,290.1111111111111
2.1861946323818586e-05,290.22222222222223
3.2275331719418595e-05,290.3333333333333
1.9294991218593447e-05,290.4444444444444
9.488760486983314e-06,290.55555555555554
3.506972288537577e-05,290.66666666666663
3.180611390159504e-05,290.77777777777777
1.3889013629498385e-05,290.88888888888886
3.2679787580226686e-05,291.0
1.4038980142847439e-05,291.1111111111111
2.2977018175004728e-05,291.22222222222223
1.9721084780662826e-05,291.3333333333333
1.8475545977763168e-05,291.4444444444444
2.9396344083709615e-06,291.55555555555554
1.822786754291382e-05,291.66666666666663
1.250718901531428e-05,291.77777777777777
3.6211091600509e-05,291.88888888888886
1.7310738535352413e-05,292.0
3.3418294643441696e-05,292.1111111111111
2.5378518416854092e-05,292.22222222222223
4.499684992983747e-05,292.3333333333333
1.7051352725223287e-05,292.4444444444444
1.2179863367377241e-05,292.55555555555554
1.7710273974788848e-05,292.66666666666663
2.1558346196399818e-05,292.77777777777777
2.2699319761829906e-05,292.88888888888886
2.847253367729427e-05,293.0
3.126125506080574e-05,293.1111111111111
7.470487394436906e-06,293.22222222222223
2.1900389655094253e-05,293.3333333333333
4.546784383206652e-05,293.4444444444444
4.5033982892866815e-05,293.55555555555554
5.185599100501767e-06,293.66666666666663
8.187414465709637e-06,293.77777777777777
1.018653703800291e-05,293.88888888888886
2.853530743729412e-05,294.0
5.9776871271077e-06,294.1111111111111
3.0045767910988898e-05,294.22222222222223
3.308823817814108e-05,294.3333333333333
1.1799943754288016e-05,294.4444444444444
2.9554284072804903e-05,294.55555555555554
1.8324077817825623e-06,294.66666666666663
1.4125609146455099e-05,294.77777777777777
2.1640177436917176e-05,294.88888888888886
4.333518509969668e-05,295.0
2.2332803594467494e-05,295.1111111111111
8.949142872317169e-06,295.22222222222223
2.3440599421107733e-05,295.3333333333333
1.528669854921869e-05,295.4444444444444
2.9723466023576547e-05,295.55555555555554
3.720238413455629e-05,295.66666666666663
2.5497612794438907e-05,295.77777777777777
2.0907360174806272e-05,295.88888888888886
8.78524977840087e-06,296.0
2.859844660950424e-05,296.1111111111111
1.664655045328084e-05,296.22222222222223
1.3014368470957721e-05,296.3333333333333
3.2044207957933304e-05,296.4444444444444
1.9119693008809526e-05,296.55555555555554
1.969013387863068e-05,296.66666666666663
2.1994900417227164e-05,296.77777777777777
6.640060781786774e-06,296.88888888888886
1.888604791168493e-05,297.0
4.520197835331839e-06,297.1111111111111
1.1877019486928713e-05,297.22222222222223
1.991280230350381e-05,297.3333333333333
7.743284729963892e-06,297.4444444444444
2.148069579547256e-05,297.55555555555554
4.432969060335588e-05,297.66666666666663
1.9187591318171787e-05,297.77777777777777
3.7156746291817564e-05,297.88888888888886
1.5107170386060781e-05,298.0
2.2433003677092193e-05,298.1111111111111
3.283220466933789e-05,298.22222222222223
4.0300268052125666e-05,298.3333333333333
1.2825372195251948e-05,298.4444444444444
1.6438812115063892e-05,298.55555555555554
3.96728617565803e-05,298.66666666666663
5.773052106213853e-05,298.77777777777777
2.3304645273133387e-05,298.88888888888886
2.8688420522247375e-05,299.0
2.0698245123013285e-05,299.1111111111111
2.242979160592771e-05,299.22222222222223
2.149997290037131e-05,299.3333333333333
2.5801044799476007e-05,299.4444444444444
2.3460308830833403e-05,299.55555555555554
3.0647445003053415e-05,299.66666666666663
2.1398840480531778e-06,299.77777777777777
6.511875589294895e-06,299.88888888888886
1.9364848533991433e-05,300.0
3.0351200626088426e-05,300.1111111111111
7.1164713271373305e-06,300.22222222222223
2.5542077997190738e-05,300.3333333333333
1.065795955413307e-05,300.4444444444444
1.044550237324108e-05,300.55555555555554
1.0104581581663249e-05,300.66666666666663
2.3222793855314048e-05,300.77777777777777
5.1114415408886094e-05,300.88888888888886
3.8238694305450185e-05,301.0
3.5794576709395107e-05,301.1111111111111
1.3834387635124705e-05,301.22222222222223
7.509751535031132e-06,301.3333333333333
1.8271201298532336e-05,301.4444444444444
2.8038761910170227e-05,301.55555555555554
2.269099685492542e-05,301.66666666666663
3.9375333899775066e-05,301.77777777777777
3.0704276163743576e-05,301.88888888888886
3.0292256860973823e-05,302.0
3.6653802735124223e-06,302.1111111111111
3.083604602876892e-05,302.22222222222223
1.2706852181967562e-05,302.3333333333333
1.112592318819213e-05,302.4444444444444
2.7111142206826767e-05,302.55555555555554
1.805272749173264e-05,302.66666666666663
2.064169192012672e-05,302.77777777777777
2.5139145776099905e-05,302.88888888888886
2.753055502227386e-05,303.0
9.021739094698221e-06,303.1111111111111
1.9068985305440805e-05,303.22222222222223
1.2250083138337014e-05,303.3333333333333
1.0760749067444215e-05,303.4444444444444
2.6810354887154866e-05,303.55555555555554
3.3019405827327336e-06,303.66666666666663
1.6909432468221292e-05,303.77777777777777
3.2153458311725236e-05,303.88888888888886
4.1841049944196255e-05,304.0
2.7233531066349284e-05,304.1111111111111
2.3405352415879743e-05,304.22222222222223
1.9146519345703517e-05,304.3333333333333
1.384454072421471e-05,304.4444444444444
1.5839509073018703e-05,304.55555555555554
1.1035193646978314e-05,304.66666666666663
6.942851000183131e-06,304.77777777777777
3.7697614920828234e-05,304.88888888888886
2.397919974640026e-05,305.0
2.7864285371179273e-05,305.1111111111111
3.803807107812683e-05,305.22222222222223
2.6161694979176474e-06,305.3333333333333
2.41858249070124e-05,305.4444444444444
3.1938706865682434e-05,305.55555555555554
2.252014264859175e-05,305.66666666666663
1.7371525413206232e-05,305.77777777777777
2.118134143483347e-05,305.88888888888886
1.5692107780573683e-05,306.0
2.1598972523194367e-05,306.1111111111111
2.5093024013813475e-05,306.22222222222223
1.68715398295793e-05,306.3333333333333
4.0714994702695e-06,306.4444444444444
4.0490897772994916e-05,306.55555555555554
2.917909071099378e-05,306.66666666666663
1.538697375262923e-05,306.77777777777777
2.7597493013791115e-05,306.88888888888886
2.5906244050767878e-05,307.0
9.169602517030657e-06,307.1111111111111
1.9670056656958045e-05,307.22222222222223
2.59409897546561e-05,307.3333333333333
2.726191865089784e-05,307.4444444444444
3.131270988019728e-05,307.55555555555554
1.2488910375703923e-05,307.66666666666663
1.6668839285295298e-05,307.77777777777777
4.035084904826354e-05,307.88888888888886
1.7051726140812057e-05,308.0
1.0587627054034016e-05,308.1111111111111
1.0770920370334218e-05,308.22222222222223
9.903682891169571e-06,308.3333333333333
1.7220806291683045e-05,308.4444444444444
7.4713631816882154e-06,308.55555555555554
9.41677636379077e-06,308.66666666666663
2.7670424721187495e-05,308.77777777777777
1.3159298909789414e-05,308.88888888888886
1.1701206544250182e-05,309.0
9.159217549303436e-06,309.1111111111111
5.4846296947747e-05,309.22222222222223
8.093325963891757e-06,309.3333333333333
1.6829803278330118e-05,309.4444444444444
1.8562946576068558e-05,309.55555555555554
3.694387359467358e-06,309.66666666666663
7.2812043379526815e-06,309.77777777777777
1.0032875827986365e-05,309.88888888888886
2.5218446783587348e-06,310.0
1.0607038310953616e-05,310.1111111111111
1.1151706811142642e-05,310.22222222222223
1.1692925275924878e-05,310.3333333333333
2.3524822595610233e-05,310.4444444444444
1.6825819794395687e-05,310.55555555555554
1.836154346498058e-05,310.66666666666663
2.815639526591959e-05,310.77777777777777
8.018167237856901e-06,310.88888888888886
3.994258537009275e-05,311.0
2.5126298092534658e-05,311.1111111111111
8.690311213172311e-06,311.22222222222223
1.3602304081808983e-05,311.3333333333333
2.0324061215718272e-05,311.4444444444444
2.5185909018814862e-05,311.55555555555554
1.3358008703629241e-05,311.66666666666663
4.062373115469767e-06,311.77777777777777
1.8186614618133946e-05,311.88888888888886
4.764181724478468e-05,312.0
5.993200392892316e-06,312.1111111111111
1.628315245152365e-05,312.22222222222223
1.6298280667344409e-06,312.3333333333333
1.72195288172009e-05,312.4444444444444
1.5341204077107902e-05,312.55555555555554
2.4355129447721056e-05,312.66666666666663
2.8960016438048016e-05,312.77777777777777
2.1754156394780175e-05,312.88888888888886
1.168777225806561e-05,313.0
2.0807845105071487e-05,313.1111111111111
4.871098602428741e-06,313.22222222222223
1.4662399317289815e-05,313.3333333333333
1.5162439357999237e-05,313.4444444444444
1.4589149250482357e-05,313.55555555555554
1.6687997425803666e-06,313.66666666666663
2.2964287688603814e-05,313.77777777777777
2.241967647070634e-05,313.88888888888886
2.720816896078164e-05,314.0
5.123922612867298e-06,314.1111111111111
2.1867528982461484e-05,314.22222222222223
3.5948679408927584e-05,314.3333333333333
1.2476471735635423e-05,314.4444444444444
6.573750506550386e-06,314.55555555555554
2.5547946061984566e-05,314.66666666666663
2.0974926580341004e-06,314.77777777777777
4.9358287594717935e-05,314.88888888888886
2.261308735935501e-05,315.0
3.756413398457059e-06,315.1111111111111
1.0588576716226098e-05,315.22222222222223
1.8895911208334357e-05,315.3333333333333
2.103860711838813e-05,315.4444444444444
2.9175550038044145e-05,315.55555555555554
2.88148747304829e-05,315.66666666666663
1.867508449141189e-05,315.77777777777777
2.2061546004543764e-05,315.88888888888886
1.9734525049011743e-05,316.0
2.9639949593298026e-05,316.1111111111111
9.215340174546966e-06,316.22222222222223
2.0930516365570885e-05,316.3333333333333
2.40315098183221e-05,316.4444444444444
9.707779184851503e-06,316.55555555555554
1.8706525969726032e-05,316.66666666666663
1.6571510338858047e-05,316.77777777777777
2.4851248869111198e-05,316.88888888888886
4.9160078010892224e-05,317.0
1.8236888800267898e-05,317.1111111111111
1.6360298757760954e-05,317.22222222222223
3.263895868009008e-05,317.3333333333333
8.453312359231627e-06,317.4444444444444
1.1566007361724922e-05,317.55555555555554
2.7372587722860374e-05,317.66666666666663
3.11754508977763e-05,317.77777777777777
1.906131796728479e-05,317.88888888888886
2.9149049738157364e-05,318.0
2.5379400551733175e-05,318.1111111111111
5.319753665208475e-06,318.22222222222223
6.0848289927133905e-06,318.3333333333333
1.1367487407622351e-05,318.4444444444444
2.40336431312454e-05,318.55555555555554
2.343947146544736e-05,318.66666666666663
2.0892134732303323e-05,318.77777777777777
6.6817203662731845e-06,318.88888888888886
1.6834105800868343e-05,319.0
2.018659693203641e-05,319.1111111111111
3.682784129373537e-05,319.22222222222223
2.506093005669409e-05,319.3333333333333
1.4558992344443348e-05,319.4444444444444
1.1677301360515185e-05,319.55555555555554
2.4543764096755562e-05,319.66666666666663
1.0359534778293961e-05,319.77777777777777
3.0038709141634502e-05,319.88888888888886
4.459974297774083e-05,320.0
2.5050738865168364e-05,320.1111111111111
2.338554847153782e-05,320.22222222222223
1.8991214244380474e-05,320.3333333333333
4.831368364978591e-06,320.4444444444444
1.8526064831603436e-05,320.55555555555554
6.688366962860917e-06,320.66666666666663
1.8636030815261464e-05,320.77777777777777
1.715291184556514e-05,320.88888888888886
2.6449182307431918e-05,321.0
1.949839604036957e-06,321.1111111111111
2.8204760146898778e-05,321.22222222222223
9.39930352511642e-06,321.3333333333333
1.4225571548741061e-05,321.4444444444444
1.3102212445081669e-05,321.55555555555554
3.0649886429947244e-05,321.66666666666663
8.517434158986148e-06,321.77777777777777
2.1026426707238427e-05,321.88888888888886
2.4615542497927424e-05,322.0
2.280557749287981e-05,322.1111111111111
2.491815548075559e-05,322.22222222222223
2.9153653857898764e-05,322.3333333333333
2.0107588908655933e-05,322.4444444444444
2.4390994527640463e-05,322.55555555555554
2.9427797049355255e-06,322.66666666666663
1.3106261862887258e-05,322.77777777777777
3.299009242885026e-06,322.88888888888886
2.4409502482163523e-05,323.0
2.341454619314611e-05,323.1111111111111
4.5761466377833235e-05,323.22222222222223
1.5708543636859233e-05,323.3333333333333
4.12345491437192e-05,323.4444444444444
1.3079909129302574e-05,323.55555555555554
2.4589250516554496e-05,323.66666666666663
4.6707225160343344e-05,323.77777777777777
2.8885599373009116e-05,323.88888888888886
1.791057939842798e-06,324.0
6.1582514097502546e-06,324.1111111111111
1.0449982354754602e-05,324.22222222222223
2.099078077262593e-05,324.3333333333333
1.5389130863328747e-05,324.4444444444444
1.812535072168153e-05,324.55555555555554
2.944326300442153e-05,324.66666666666663
1.469940918374527e-05,324.77777777777777
1.0415315237553805e-05,324.88888888888886
7.3314096962754215e-06,325.0
3.1875190426021254e-05,325.1111111111111
1.1319469558027333e-05,325.22222222222223
1.1536839907548826e-05,325.3333333333333
1.3310805191140679e-05,325.4444444444444
4.7046923220671024e-05,325.55555555555554
2.1582005311299466e-05,325.66666666666663
2.047844740435196e-05,325.77777777777777
1.6819031272359833e-05,325.88888888888886
8.488097243912615e-06,326.0
1.279845782004743e-05,326.1111111111111
4.485647864363064e-05,326.22222222222223
1.1481694105243487e-05,326.3333333333333
1.1789148472507177e-05,326.4444444444444
2.693295722022249e-05,326.55555555555554
1.4152069512242546e-05,326.66666666666663
6.6164737026347265e-06,326.77777777777777
1.307259907777736e-05,326.88888888888886
5.881534850229413e-06,327.0
2.417178707296551e-05,327.1111111111111
1.8056638348320487e-05,327.22222222222223
9.102381822519679e-06,327.3333333333333
1.175043841595066e-05,327.4444444444444
4.927156608089108e-06,327.55555555555554
4.023057663730941e-05,327.66666666666663
2.625700751727974e-05,327.77777777777777
9.126728512550443e-06,327.88888888888886
1.0544236473398649e-05,328.0
1.1596914030510376e-05,328.1111111111111
9.426153817357405e-06,328.22222222222223
2.3079126311458177e-05,328.3333333333333
3.4237981757998076e-05,328.4444444444444
9.687445706526234e-06,328.55555555555554
6.274011883110573e-06,328.66666666666663
3.5822980681981785e-05,328.77777777777777
2.1315781267904586e-05,328.88888888888886
2.4512686122770376e-06,329.0
7.092504280122717e-06,329.1111111111111
1.4518392888693774e-05,329.22222222222223
1.6160931185570758e-05,329.3333333333333
6.278900472397043e-06,329.4444444444444
1.9928859015586293e-05,329.55555555555554
4.726510114886291e-06,329.66666666666663
1.569738473373133e-05,329.77777777777777
2.7572663397011427e-05,329.88888888888886
1.7709605611173432e-05,330.0
1.3247653427856144e-05,330.1111111111111
3.954445565590641e-06,330.22222222222223
3.734404678248144e-05,330.3333333333333
3.618298206370841e-05,330.4444444444444
2.582710065508063e-05,330.55555555555554
6.813084813998673e-06,330.66666666666663
1.5014416821938123e-05,330.77777777777777
4.198903634532082e-05,330.88888888888886
2.0295081675845952e-05,331.0
3.045300946712075e-05,331.1111111111111
1.6158329624495454e-05,331.22222222222223
3.729621738207257e-05,331.3333333333333
2.6051481629992705e-05,331.4444444444444
1.4554122285481381e-05,331.55555555555554
1.050280983063047e-05,331.66666666666663
8.488049724373066e-06,331.77777777777777
2.5900442244002513e-05,331.88888888888886
3.281308026649779e-05,332.0
3.536939948307188e-05,332.1111111111111
1.7417361716129498e-05,332.22222222222223
4.363009051524884e-05,332.3333333333333
9.198518387440547e-06,332.4444444444444
1.5551109384362124e-05,332.55555555555554
1.0017764389372671e-05,332.66666666666663
2.244812480317878e-05,332.77777777777777
1.6212878965661455e-05,332.88888888888886
1.2090103214344741e-05,333.0
6.661794476242838e-06,333.1111111111111
1.4016678506297446e-05,333.22222222222223
1.3251601347418073e-05,333.3333333333333
4.119955608662096e-05,333.4444444444444
2.786253058063133e-05,333.55555555555554
2.2474051632813797e-05,333.66666666666663
1.210088260308371e-05,333.77777777777777
3.711862568671109e-05,333.88888888888886
3.6380498272290535e-05,334.0
3.5746144313302004e-05,334.1111111111111
2.9670437034064403e-05,334.22222222222223
1.814052523738829e-05,334.3333333333333
5.676417666712613e-06,334.4444444444444
3.3885338779678584e-05,334.55555555555554
2.3818363007233588e-05,334.66666666666663
1.5698952510093658e-05,334.77777777777777
1.2131974377855552e-05,334.88888888888886
4.4637594642550084e-06,335.0
3.1729620369900816e-05,335.1111111111111
7.539391555512349e-06,335.22222222222223
2.56967281573586e-05,335.3333333333333
2.783349893975913e-05,335.4444444444444
1.286267224533427e-05,335.55555555555554
3.3112952783990137e-05,335.66666666666663
1.5067640871195125e-06,335.77777777777777
3.4422059299742414e-05,335.88888888888886
4.1885967094002044e-05,336.0
1.5559180722444433e-05,336.1111111111111
4.138621043401464e-05,336.22222222222223
3.0000771928926972e-05,336.3333333333333
4.436865413996832e-05,336.4444444444444
1.4111262653798582e-05,336.55555555555554
1.3826246310266279e-05,336.66666666666663
1.538168778435232e-05,336.77777777777777
3.036720007631157e-05,336.88888888888886
3.129605678223601e-05,337.0
1.5082739542744224e-05,337.1111111111111
3.554135036768191e-05,337.22222222222223
6.627497653490319e-06,337.3333333333333
4.311453320276482e-05,337.4444444444444
3.724399031141466e-05,337.55555555555554
1.1871984283434421e-05,337.66666666666663
1.30680152810497e-05,337.77777777777777
3.026788835887367e-05,337.88888888888886
1.0677692314194149e-05,338.0
1.8673756037781827e-05,338.1111111111111
2.3561041425247767e-05,338.22222222222223
2.7347972110108245e-05,338.3333333333333
2.518084757372293e-05,338.4444444444444
3.17322820324935e-05,338.55555555555554
3.796068425486337e-05,338.66666666666663
2.597056398580955e-05,338.77777777777777
3.648504783207787e-05,338.88888888888886
3.5431755931031096e-05,339.0
2.0485600042584618e-05,339.1111111111111
6.8397260153717695e-06,339.22222222222223
1.9258831449811823e-05,339.3333333333333
3.9921078248816483e-05,339.4444444444444
7.535871463270569e-06,339.55555555555554
1.7551395552094827e-05,339.66666666666663
2.2889272883748374e-05,339.77777777777777
3.7964271051227543e-06,339.88888888888886
2.309865132571402e-05,340.0
2.0301160666315543e-05,340.1111111111111
2.0383118091857678e-05,340.22222222222223
2.780931432316467e-05,340.3333333333333
1.839898762163721e-05,340.4444444444444
3.4445856210142194e-05,340.55555555555554
2.836323172998891e-05,340.66666666666663
1.5239190151953474e-06,340.77777777777777
2.2073702204107965e-05,340.88888888888886
1.5150632105086617e-05,341.0
1.1496730781770006e-05,341.1111111111111
3.2410461224220345e-05,341.22222222222223
3.5591982929769924e-05,341.3333333333333
4.472665131460041e-05,341.4444444444444
5.4881306712917995e-06,341.55555555555554
2.4311912565171654e-05,341.66666666666663
1.391361613830579e-05,341.77777777777777
1.4113260764129038e-05,341.88888888888886
1.6472277823743687e-05,342.0
2.559724088932131e-05,342.1111111111111
2.285776228173642e-05,342.22222222222223
2.088677506452584e-05,342.3333333333333
2.8085939699894676e-05,342.4444444444444
3.200461288506996e-05,342.55555555555554
2.749277226259683e-05,342.66666666666663
2.3109649064203187e-05,342.77777777777777
3.4797466219597195e-05,342.88888888888886
1.6707710878233792e-05,343.0
2.7707710923026114e-05,343.1111111111111
2.9658383387793747e-05,343.22222222222223
3.187533845568539e-05,343.3333333333333
1.1209338159160905e-05,343.4444444444444
8.637999631953747e-06,343.55555555555554
1.965301273730309e-05,343.66666666666663
4.219195647168608e-06,343.77777777777777
6.143563294682082e-06,343.88888888888886
3.8830014023412246e-05,344.0
3.522911990347917e-05,344.1111111111111
1.1730489050324356e-05,344.22222222222223
2.4067720750436444e-05,344.3333333333333
2.9163453377065073e-05,344.4444444444444
2.836423238871791e-05,344.55555555555554
4.746412968501991e-06,344.66666666666663
1.3323154604095779e-05,344.77777777777777
1.6298242392371144e-05,344.88888888888886
9.024844673339362e-06,345.0
4.0524673968733836e-05,345.1111111111111
1.9551229899054214e-05,345.22222222222223
1.2716950852760884e-05,345.3333333333333
2.216613176020091e-05,345.4444444444444
4.790630389738986e-06,345.55555555555554
1.7037475491166013e-05,345.66666666666663
8.22464672734712e-06,345.77777777777777
1.9654297694870615e-05,345.88888888888886
8.511304682260485e-06,346.0
3.2926358630056454e-05,346.1111111111111
2.2126084060468606e-05,346.22222222222223
2.163378744631446e-05,346.3333333333333
3.0460264535157565e-06,346.4444444444444
2.1258783672464326e-05,346.55555555555554
1.1880109297179864e-05,346.66666666666663
1.9980981643214447e-05,346.77777777777777
6.781098275497345e-06,346.88888888888886
6.902319831033147e-06,347.0
2.4841746724975478e-05,347.1111111111111
5.545550667927401e-06,347.22222222222223
3.363353431393372e-05,347.3333333333333
1.1219522074317773e-05,347.4444444444444
1.7674773934711945e-05,347.55555555555554
8.37468914092796e-06,347.66666666666663
1.833815168578225e-05,347.77777777777777
3.0135384086757613e-05,347.88888888888886
1.9635592549700893e-05,348.0
1.4339284195120534e-05,348.1111111111111
1.2181670909005645e-05,348.22222222222223
9.019189196596457e-06,348.3333333333333
1.595737777432145e-05,348.4444444444444
3.6959611741561605e-06,348.55555555555554
2.1226352993553048e-05,348.66666666666663
2.1596416855306737e-05,348.77777777777777
3.88908915894693e-05,348.88888888888886
1.324349829307998e-05,349.0
8.036067192142105e-06,349.1111111111111
1.0033607986902169e-05,349.22222222222223
1.8865185681702158e-05,349.3333333333333
2.4266955459625468e-05,349.4444444444444
3.2618985008761024e-05,349.55555555555554
3.23842196470766e-05,349.66666666666663
2.28546951045996e-05,349.77777777777777
1.0807093328270612e-05,349.88888888888886
2.4343675315520363e-05,350.0
3.6594207065720767e-05,350.1111111111111
2.0687719737213225e-05,350.22222222222223
6.3999046331274485e-06,350.3333333333333
1.4162239138227166e-05,350.4444444444444
2.1182109911827156e-05,350.55555555555554
3.5509496333385885e-05,350.66666666666663
1.105910704241827e-05,350.77777777777777
5.8517828832671e-05,350.88888888888886
2.7855682685362068e-05,351.0
2.002885184152825e-05,351.1111111111111
1.870385839534173e-05,351.22222222222223
5.445476767688678e-06,351.3333333333333
1.802354104634186e-05,351.4444444444444
1.9456718197807684e-05,351.55555555555554
2.7831169673895117e-05,351.66666666666663
7.517524376525332e-06,351.77777777777777
2.7040249518646435e-05,351.88888888888886
1.693306607565004e-05,352.0
7.429564515473045e-06,352.1111111111111
2.2133331130040488e-05,352.22222222222223
5.411550727157772e-06,352.3333333333333
3.9127931876338634e-05,352.4444444444444
1.986300925411951e-05,352.55555555555554
1.5033687366057742e-05,352.66666666666663
1.9796309092768587e-05,352.77777777777777
2.5831365437713748e-05,352.88888888888886
3.7846813861502656e-05,353.0
2.0856063160628937e-05,353.1111111111111
6.398499876771149e-06,353.22222222222223
2.3393950308686453e-05,353.3333333333333
3.707177652419125e-05,353.4444444444444
4.066844111504684e-05,353.55555555555554
2.0947808161225984e-05,353.66666666666663
9.282412319632859e-06,353.77777777777777
4.205753333411792e-05,353.88888888888886
3.5909466455721364e-05,354.0
2.8499512893543418e-05,354.1111111111111
2.3483435044931973e-05,354.22222222222223
5.407134632230575e-05,354.3333333333333
4.2762390165538646e-06,354.4444444444444
1.0153624863118145e-05,354.55555555555554
2.0278105756051832e-05,354.66666666666663
3.137080242401631e-05,354.77777777777777
2.0619885158748907e-05,354.88888888888886
1.4652148630717026e-05,355.0
1.341892431487515e-05,355.1111111111111
2.0829400119198777e-05,355.22222222222223
1.759577264672696e-05,355.3333333333333
1.5291817923169613e-05,355.4444444444444
3.862134830720435e-05,355.55555555555554
3.995499425920929e-05,355.66666666666663
2.4591100884955553e-05,355.77777777777777
1.0697739135832076e-05,355.88888888888886
1.5103048705654533e-05,356.0
2.3977309383155567e-05,356.1111111111111
9.73452505393323e-06,356.22222222222223
2.539019708195236e-05,356.3333333333333
1.3953291456314515e-05,356.4444444444444
1.3715083044993477e-05,356.55555555555554
3.055248240112896e-05,356.66666666666663
3.548476409237863e-05,356.77777777777777
8.80799219626595e-06,356.88888888888886
2.6936325901184756e-05,357.0
2.8646844300044425e-05,357.1111111111111
3.9618241545494265e-05,357.22222222222223
1.3391159516980153e-05,357.3333333333333
2.369070129275435e-05,357.4444444444444
1.0917469334095555e-05,357.55555555555554
2.7390503654181797e-05,357.66666666666663
1.9850052246684485e-05,357.77777777777777
3.154761729775343e-05,357.88888888888886
1.9914277531898763e-06,358.0
7.2853216209541695e-06,358.1111111111111
1.9692879653470393e-05,358.22222222222223
4.552253615119634e-06,358.3333333333333
1.2787812465098128e-05,358.4444444444444
1.0969108005622495e-05,358.55555555555554
5.065574126894486e-06,358.66666666666663
3.166882181975311e-05,358.77777777777777
3.869626084465024e-05,358.88888888888886
7.008899425936468e-06,359.0
7.179567858877054e-06,359.1111111111111
9.475250470135982e-06,359.22222222222223
2.9750913143052544e-05,359.3333333333333
3.247511691309173e-05,359.4444444444444
2.345576438655389e-05,359.55555555555554
1.6798513190332465e-05,359.66666666666663
2.6289910236974128e-05,359.77777777777777
1.555128034747414e-05,359.88888888888886
2.6292006656846303e-05,360.0
1.286399756015443e-05,360.1111111111111
1.858495633957002e-05,360.22222222222223
6.14004581077012e-06,360.3333333333333
4.765946055940816e-05,360.4444444444444
2.6213643455630007e-05,360.55555555555554
1.5763743390021407e-05,360.66666666666663
2.5167059785322375e-05,360.77777777777777
5.094754386093124e-05,360.88888888888886
2.531066066976489e-05,361.0
6.5521262588817804e-06,361.1111111111111
3.8106576055064826e-05,361.22222222222223
2.9931103056592233e-05,361.3333333333333
3.3322240645298024e-05,361.4444444444444
1.439648155432946e-05,361.55555555555554
1.2418052554836905e-05,361.66666666666663
3.426004392430969e-05,361.77777777777777
1.3183433429697417e-05,361.88888888888886
3.6419397290693614e-05,362.0
4.438406441307056e-05,362.1111111111111
2.246465116431116e-05,362.22222222222223
2.390119840053909e-06,362.3333333333333
6.101300237501633e-06,362.4444444444444
2.948807963338883e-05,362.55555555555554
4.362453114644141e-05,362.66666666666663
1.799467515784747e-05,362.77777777777777
2.4050615604362478e-06,362.88888888888886
2.9209257613116326e-05,363.0
4.220641371320272e-05,363.1111111111111
5.9279025366310777e-05,363.22222222222223
1.6642912475199204e-05,363.3333333333333
9.178429323341456e-06,363.4444444444444
4.1138774323915843e-05,363.55555555555554
1.5225561388117141e-05,363.66666666666663
1.0937942274452433e-05,363.77777777777777
2.260490346664958e-05,363.88888888888886
2.252191646332739e-05,364.0
3.199584353301117e-05,364.1111111111111
1.3857889619678792e-05,364.22222222222223
2.2354835025409447e-05,364.3333333333333
1.6304571635504372e-05,364.4444444444444
8.841467974336212e-06,364.55555555555554
2.9784642075534747e-05,364.66666666666663
1.5244571103739415e-05,364.77777777777777
3.563654626746468e-05,364.88888888888886
2.1415298226432702e-05,365.0
2.1282361652595116e-05,365.1111111111111
1.3829746208510223e-05,365.22222222222223
1.0541738421375417e-05,365.3333333333333
1.7423953901710824e-05,365.4444444444444
1.671081770992748e-05,365.55555555555554
3.1706799451140884e-05,365.66666666666663
1.3326543746409463e-05,365.77777777777777
2.5106322781699284e-05,365.88888888888886
2.3098523317506023e-05,366.0
3.581887865209153e-05,366.1111111111111
2.6573506024174228e-05,366.22222222222223
1.8448418861380378e-05,366.3333333333333
2.3018265328827596e-05,366.4444444444444
1.1650390834182208e-05,366.55555555555554
1.93926174711738e-05,366.66666666666663
7.800797044678083e-06,366.77777777777777
9.652602996230733e-06,366.88888888888886
1.6485841789543696e-05,367.0
2.9268104208853442e-05,367.1111111111111
8.111364601862762e-06,367.22222222222223
1.3701091690372396e-05,367.3333333333333
1.7995788080209892e-05,367.4444444444444
3.0989422588649675e-06,367.55555555555554
1.603615908712994e-05,367.66666666666663
8.208688528823962e-06,367.77777777777777
2.7001426201507186e-05,367.88888888888886
3.355262078850461e-05,368.0
3.1313215358186094e-05,368.1111111111111
1.104866721255633e-05,368.22222222222223
3.577243714118044e-05,368.3333333333333
2.328324784216299e-05,368.4444444444444
1.1364849428108679e-05,368.55555555555554
1.6861302707866362e-05,368.66666666666663
2.7198753841157238e-05,368.77777777777777
3.346441635804828e-05,368.88888888888886
1.374103913406601e-05,369.0
3.4377864466822593e-06,369.1111111111111
3.2874802466846e-05,369.22222222222223
1.8496596161683554e-05,369.3333333333333
1.4670257494041982e-05,369.4444444444444
3.240330113859604e-05,369.55555555555554
4.2282545220466464e-05,369.66666666666663
1.9630096878161143e-05,369.77777777777777
1.3926050059428221e-05,369.88888888888886
3.934012428813156e-05,370.0
3.41265339143237e-05,370.1111111111111
2.0295529580086646e-05,370.22222222222223
4.8196704474647736e-05,370.3333333333333
6.871336797931604e-06,370.4444444444444
2.8639085147827494e-05,370.55555555555554
1.516989565108947e-05,370.66666666666663
2.3163737344404817e-05,370.77777777777777
2.2172302694153936e-05,370.88888888888886
4.546587409069229e-06,371.0
1.9621056118258655e-05,371.1111111111111
1.6587689222387515e-05,371.22222222222223
2.771893639683789e-05,371.3333333333333
2.452008599142089e-05,371.4444444444444
1.5262360406843445e-05,371.55555555555554
2.5415514455626252e-05,371.66666666666663
2.0964259027533033e-05,371.77777777777777
1.032391403040928e-05,371.88888888888886
1.4456896289248348e-05,372.0
1.5726523901096017e-05,372.1111111111111
2.184448643882627e-05,372.22222222222223
2.0524448466969722e-05,372.3333333333333
3.613837694747373e-05,372.4444444444444
2.6959364214532178e-05,372.55555555555554
1.426764942225593e-05,372.66666666666663
2.4922805725618684e-05,372.77777777777777
1.0436242023350239e-05,372.88888888888886
3.380955772088587e-05,373.0
2.276668164151043e-05,373.1111111111111
3.701660988735973e-05,373.22222222222223
1.976116844923863e-05,373.3333333333333
2.571083920152362e-05,373.4444444444444
2.2048638042532423e-05,373.55555555555554
2.2251546148514323e-05,373.66666666666663
1.1727955284199705e-05,373.77777777777777
1.9955202905925936e-05,373.88888888888886
2.218557266834981e-05,374.0
1.9122228886065633e-05,374.1111111111111
2.3621031378513716e-05,374.22222222222223
2.3457383799214448e-05,374.3333333333333
1.0201588618347543e-05,374.4444444444444
2.295141898924464e-05,374.55555555555554
4.2042336245774105e-05,374.66666666666663
3.5878415600527494e-05,374.77777777777777
1.2952905959883631e-05,374.88888888888886
3.3686696091896725e-05,375.0
1.1501797193943849e-05,375.1111111111111
1.6399716047013258e-05,375.22222222222223
8.001884304445456e-06,375.3333333333333
2.3998219732150037e-05,375.4444444444444
1.4891310308349788e-05,375.55555555555554
3.3958151060611905e-05,375.66666666666663
4.732864399638187e-06,375.77777777777777
1.546482384639291e-05,375.88888888888886
1.1031578633026429e-05,376.0
3.06320237050978e-05,376.1111111111111
4.0920162889016675e-05,376.22222222222223
1.9921427296936123e-05,376.3333333333333
8.255691230219843e-06,376.4444444444444
1.4113162529512396e-05,376.55555555555554
4.498160930609584e-05,376.66666666666663
1.4927238845178845e-05,376.77777777777777
1.2506831520560037e-05,376.88888888888886
1.3300647262701002e-05,377.0
1.9079160747642656e-05,377.1111111111111
4.763719540591436e-05,377.22222222222223
2.1061383221390402e-05,377.3333333333333
7.457558283753207e-06,377.4444444444444
2.218793479601376e-05,377.55555555555554
1.0517131449378127e-05,377.66666666666663
1.707708438052088e-05,377.77777777777777
6.010075364548258e-06,377.88888888888886
2.3494220656613707e-05,378.0
2.0649237093989502e-06,378.1111111111111
1.516746020452743e-05,378.22222222222223
2.1138556086118457e-05,378.3333333333333
1.3003185797856213e-05,378.4444444444444
1.1851871339531542e-05,378.55555555555554
1.690266033699077e-05,378.66666666666663
1.4018797593243616e-05,378.77777777777777
2.0411701514966944e-05,378.88888888888886
2.6727631076764065e-05,379.0
4.250085288766198e-05,379.1111111111111
1.3362374876942356e-05,379.22222222222223
2.4481073329554416e-05,379.3333333333333
1.3395366886465039e-05,379.4444444444444
7.06241727489125e-06,379.55555555555554
1.0137996339836982e-05,379.66666666666663
2.0772513564067314e-05,379.77777777777777
2.786306784964006e-05,379.88888888888886
1.0786273115196618e-05,380.0
3.6007422749998205e-05,380.1111111111111
8.995566978060363e-06,380.22222222222223
1.3395475527371626e-05,380.3333333333333
3.9164314528162785e-05,380.4444444444444
2.7806886474056614e-05,380.55555555555554
3.674356717426482e-05,380.66666666666663
5.122372415486952e-06,380.77777777777777
1.8306191759117835e-05,380.88888888888886
3.094034120607502e-05,381.0
4.033625145850111e-05,381.1111111111111
2.1397604368343577e-05,381.22222222222223
1.611766065691124e-05,381.3333333333333
1.3239561600694364e-05,381.4444444444444
3.139582616886881e-05,381.55555555555554
2.2652919770056768e-05,381.66666666666663
2.7513975466153337e-05,381.77777777777777
2.1876894616021988e-05,381.88888888888886
1.5959611429175767e-05,382.0
3.1215634733368586e-05,382.1111111111111
1.3513910801133406e-05,382.22222222222223
2.0808483440661118e-05,382.3333333333333
3.9664730709170124e-05,382.4444444444444
1.1174052882221805e-05,382.55555555555554
1.925693793424682e-05,382.66666666666663
2.5047700151004637e-05,382.77777777777777
1.1205851724157504e-05,382.88888888888886
8.631239535196182e-06,383.0
1.1951975094667467e-05,383.1111111111111
1.4377287383481114e-05,383.22222222222223
1.8801561175967615e-05,383.3333333333333
1.5364644277736058e-05,383.4444444444444
3.777506828961783e-06,383.55555555555554
2.517210341104801e-06,383.66666666666663
3.440093060578156e-05,383.77777777777777
1.1836304893716626e-05,383.88888888888886
3.398857356934365e-05,384.0
1.8156592135679225e-05,384.1111111111111
1.9621627592125886e-05,384.22222222222223
2.197884490476758e-05,384.3333333333333
1.2789077520014224e-05,384.4444444444444
2.5189724557496963e-05,384.55555555555554
2.3971853197984974e-05,384.66666666666663
1.1176475324801183e-05,384.77777777777777
1.4287603959490005e-05,384.88888888888886
3.846848879382088e-05,385.0
3.0106345876154682e-05,385.1111111111111
1.2311291718193316e-05,385.22222222222223
7.06630547866188e-06,385.3333333333333
1.600107706059313e-05,385.4444444444444
3.312566516706711e-05,385.55555555555554
3.585567589189847e-05,385.66666666666663
2.5317025890881444e-05,385.77777777777777
1.4508057574210226e-05,385.88888888888886
2.0334950634363714e-05,386.0
1.3997499369483925e-05,386.1111111111111
2.1687728867629057e-05,386.22222222222223
3.8961409550620036e-05,386.3333333333333
1.5168166512820247e-05,386.4444444444444
1.782730506254007e-05,386.55555555555554
8.655703968334178e-06,386.66666666666663
6.761622269378233e-06,386.77777777777777
4.046189444672232e-05,386.88888888888886
1.494691711117607e-05,387.0
1.3462198096169298e-05,387.1111111111111
7.4904969965745215e-06,387.22222222222223
7.268524694948221e-06,387.3333333333333
5.329262716399713e-05,387.4444444444444
3.963902447620267e-05,387.55555555555554
2.4121475682267473e-05,387.66666666666663
2.8874265694391403e-05,387.77777777777777
2.6790926517882767e-05,387.88888888888886
1.5945139975059464e-05,388.0
2.808963748307071e-05,388.1111111111111
1.3048715565438986e-05,388.22222222222223
9.170492007740468e-06,388.3333333333333
1.3019017250683436e-05,388.4444444444444
4.237328309170755e-06,388.55555555555554
1.6831363090122552e-05,388.66666666666663
4.961680678350297e-05,388.77777777777777
2.0335588853324443e-05,388.88888888888886
1.2038766079998063e-05,389.0
1.256588598290892e-05,389.1111111111111
2.509874624352116e-05,389.22222222222223
3.240262605350868e-05,389.3333333333333
6.8127113309732165e-06,389.4444444444444
1.683158112177219e-05,389.55555555555554
4.6436872042853864e-06,389.66666666666663
1.9011909294788107e-05,389.77777777777777
2.3792704640847182e-05,389.88888888888886
2.8363551063522274e-05,390.0
4.8446303698591926e-05,390.1111111111111
1.4037901548778146e-05,390.22222222222223
1.9172490230576686e-05,390.3333333333333
3.759257514886945e-05,390.4444444444444
8.31158230864611e-06,390.55555555555554
1.2558682162373188e-05,390.66666666666663
4.631585949176439e-05,390.77777777777777
1.4932280386844073e-06,390.88888888888886
3.673038579928915e-05,391.0
4.589534029371052e-05,391.1111111111111
1.2183681568264612e-05,391.22222222222223
4.205603622189046e-05,391.3333333333333
1.3476292443115168e-05,391.4444444444444
1.425097020158377e-05,391.55555555555554
1.9131477867057706e-05,391.66666666666663
2.957267144501911e-05,391.77777777777777
1.3825234567397033e-05,391.88888888888886
2.2346825246069237e-05,392.0
2.9846240793585732e-05,392.1111111111111
1.250548119395239e-05,392.22222222222223
2.4554381214235335e-05,392.3333333333333
1.846264292353712e-05,392.4444444444444
1.021664725975351e-05,392.55555555555554
2.2366119838650575e-05,392.66666666666663
5.34425115983465e-06,392.77777777777777
5.419338200328054e-06,392.88888888888886
3.537383322557554e-05,393.0
7.053463432137611e-06,393.1111111111111
6.622161728857115e-06,393.22222222222223
3.571866274855567e-05,393.3333333333333
1.560923531629763e-05,393.4444444444444
4.851545846131906e-06,393.55555555555554
2.1394070907984578e-05,393.66666666666663
3.0412473689012778e-05,393.77777777777777
3.104242695046333e-05,393.88888888888886
2.1879629391442472e-05,394.0
3.609997514206292e-05,394.1111111111111
1.6601807696336967e-05,394.22222222222223
2.5612312748368793e-05,394.3333333333333
1.4446753677297284e-05,394.4444444444444
3.721123606780606e-05,394.55555555555554
6.375903683170127e-06,394.66666666666663
2.0670626777778303e-05,394.77777777777777
1.1000192311183859e-05,394.88888888888886
1.736554706025722e-05,395.0
1.1921422480025058e-05,395.1111111111111
1.6401691343059427e-05,395.22222222222223
2.290967772319706e-05,395.3333333333333
1.4127853465763374e-05,395.4444444444444
8.064803146235393e-06,395.55555555555554
9.398992677083624e-06,395.66666666666663
9.459689709177893e-06,395.77777777777777
1.7075622092134335e-05,395.88888888888886
2.2152132050699965e-05,396.0
1.728844299490498e-05,396.1111111111111
1.5006901456343106e-05,396.22222222222223
1.3022381306862827e-05,396.3333333333333
5.116871510892805e-05,396.4444444444444
1.7217248715377766e-05,396.55555555555554
7.981511698937303e-06,396.66666666666663
1.999905869057786e-05,396.77777777777777
1.623723472647159e-05,396.88888888888886
7.993895631536372e-06,397.0
5.895118132391569e-06,397.1111111111111
1.3503935623583784e-05,397.22222222222223
1.1861768052862387e-05,397.3333333333333
5.590818439394634e-06,397.4444444444444
3.5367057103054146e-05,397.55555555555554
2.0665026431581893e-06,397.66666666666663
2.8067748435908657e-05,397.77777777777777
4.4196566516938594e-05,397.88888888888886
4.866948925459614e-05,398.0
1.7021474946789957e-05,398.1111111111111
2.5068585741497844e-05,398.2222222222222
4.993576365747372e-05,398.3333333333333
3.645819375272855e-07,398.4444444444444
1.876375810956866e-05,398.55555555555554
2.3545419215430174e-05,398.66666666666663
2.931611103601803e-05,398.77777777777777
9.95884343627306e-06,398.88888888888886
1.3213327913193994e-05,399.0
3.583810907063676e-05,399.1111111111111
5.0467421805457306e-05,399.2222222222222
4.308520308293892e-06,399.3333333333333
2.2759077895214655e-05,399.4444444444444
3.143880216698438e-05,399.55555555555554
2.105129431607755e-05,399.66666666666663
3.311146023770462e-05,399.77777777777777
9.756115621519692e-06,399.88888888888886
1.4032497188083066e-05,400.0
2.81372295101792e-05,400.1111111111111
2.970633119940506e-05,400.2222222222222
9.957683604412407e-06,400.3333333333333
1.690108660828105e-05,400.4444444444444
2.626065551257774e-05,400.55555555555554
2.0663804538575316e-05,400.66666666666663
1.5753038261522375e-05,400.77777777777777
1.3546647700810133e-05,400.88888888888886
2.3217394421750277e-05,401.0
1.0065660281410335e-05,401.1111111111111
4.746573613052302e-06,401.2222222222222
8.175891052012603e-06,401.3333333333333
2.7952636225299298e-05,401.4444444444444
3.409080159559941e-05,401.55555555555554
2.4270786215685095e-05,401.66666666666663
1.7144909191888413e-05,401.77777777777777
1.0126349966872421e-05,401.88888888888886
1.0575582764023073e-05,402.0
2.2866590313281307e-05,402.1111111111111
5.78786869146678e-06,402.2222222222222
6.273517137902459e-06,402.3333333333333
5.507742746624049e-06,402.4444444444444
2.0877675189174333e-05,402.55555555555554
2.954300620631854e-05,402.66666666666663
2.7820447091895073e-05,402.77777777777777
2.814505478647336e-05,402.88888888888886
3.1046514688166714e-05,403.0
2.3373032791348207e-05,403.1111111111111
1.0423828680146345e-05,403.2222222222222
1.591752109399382e-05,403.3333333333333
1.4899670654687244e-05,403.4444444444444
3.449246796496262e-05,403.55555555555554
2.179281404157011e-05,403.66666666666663
1.7727726911380147e-05,403.77777777777777
2.3049829238406652e-05,403.88888888888886
1.5023585171746386e-05,404.0
8.531487308759324e-06,404.1111111111111
1.574922469704265e-05,404.2222222222222
2.3737992288095994e-05,404.3333333333333
7.089847296635349e-06,404.4444444444444
8.278243845393514e-06,404.55555555555554
1.2015884226394064e-05,404.66666666666663
5.358788512153613e-06,404.77777777777777
3.113256301734949e-05,404.88888888888886
1.997124902436424e-05,405.0
1.1727340950757957e-05,405.1111111111111
5.1972412140415935e-05,405.2222222222222
8.926482803077862e-06,405.3333333333333
3.203863329749626e-05,405.4444444444444
3.2220580156687156e-05,405.55555555555554
3.451771978290639e-05,405.66666666666663
1.6948274344744355e-05,405.77777777777777
5.360632689560498e-06,405.88888888888886
1.4803230501847693e-05,406.0
2.0181827895619964e-05,406.1111111111111
2.4088708616788027e-05,406.2222222222222
2.1270888602934325e-05,406.3333333333333
1.1434757240477334e-05,406.4444444444444
2.127753698906604e-05,406.55555555555554
2.7700138338504052e-05,406.66666666666663
3.915349778316784e-06,406.77777777777777
2.643782630312593e-05,406.88888888888886
1.879902809104551e-05,407.0
2.1622470736655375e-05,407.1111111111111
1.1740002880326192e-05,407.2222222222222
2.5185214608691766e-05,407.3333333333333
3.094077797494503e-05,407.4444444444444
1.7889336900715636e-05,407.55555555555554
1.337401261776244e-05,407.66666666666663
1.0417066106160287e-05,407.77777777777777
3.070346415754474e-05,407.88888888888886
1.6443368211802694e-05,408.0
3.4591858887505274e-05,408.1111111111111
7.1997895621115205e-06,408.2222222222222
3.6129958041929445e-05,408.3333333333333
9.15150223969505e-06,408.4444444444444
1.962332201058971e-05,408.55555555555554
1.2409646660675616e-05,408.66666666666663
1.7506462948829575e-05,408.77777777777777
2.6318940217368396e-05,408.88888888888886
2.1162356781466203e-05,409.0
2.7948654852497187e-05,409.1111111111111
2.200259322270237e-05,409.2222222222222
4.3310352394783686e-05,409.3333333333333
8.987482547774947e-06,409.4444444444444
3.47261537170944e-05,409.55555555555554
3.615313138802958e-05,409.66666666666663
1.4783946519727426e-05,409.77777777777777
2.1263649488708247e-05,409.88888888888886
2.491246221382404e-05,410.0
2.3715887971453602e-05,410.1111111111111
6.804738670841167e-06,410.2222222222222
5.016824080745293e-05,410.3333333333333
8.786837673173404e-06,410.4444444444444
2.5436822496125266e-05,410.55555555555554
2.8618490560897557e-05,410.66666666666663
1.503999572850083e-05,410.77777777777777
2.249349933798747e-05,410.88888888888886
4.771327530179022e-06,411.0
1.505890256122624e-05,411.1111111111111
2.541108247223559e-05,411.2222222222222
1.3961493962645437e-05,411.3333333333333
4.9276582632794855e-05,411.4444444444444
1.2695611861447496e-05,411.55555555555554
2.4558991055907937e-05,411.66666666666663
5.9210217214977945e-06,411.77777777777777
1.8639864923077125e-05,411.88888888888886
1.3219117053733661e-05,412.0
9.161434883969094e-06,412.1111111111111
3.2205479213794987e-06,412.2222222222222
1.177150305172193e-05,412.3333333333333
2.9711756457811867e-05,412.4444444444444
1.9707814638251292e-05,412.55555555555554
9.500303429662348e-06,412.66666666666663
2.464241548945373e-05,412.77777777777777
3.093662589299957e-05,412.88888888888886
2.5688515605113342e-05,413.0
2.873752419078558e-05,413.1111111111111
1.0763721744193843e-05,413.2222222222222
4.692917887276451e-06,413.3333333333333
1.528277483803447e-05,413.4444444444444
1.5570127452675667e-05,413.55555555555554
1.7187791887112737e-05,413.66666666666663
6.417239348644909e-07,413.77777777777777
1.1939378718465642e-05,413.88888888888886
2.7238793707359926e-05,414.0
2.126860961557904e-05,414.1111111111111
2.2614764450478515e-05,414.2222222222222
3.832032073550416e-05,414.3333333333333
1.1615655969661993e-05,414.4444444444444
2.6702158305061096e-05,414.55555555555554
2.5922039868686345e-05,414.66666666666663
2.194740963183735e-05,414.77777777777777
3.576992122330599e-05,414.88888888888886
3.558458089822162e-05,415.0
3.089321270438414e-05,415.1111111111111
2.2569218818116892e-05,415.2222222222222
2.950958818203812e-05,415.3333333333333
1.2569687368429119e-05,415.4444444444444
3.064574422243179e-05,415.55555555555554
1.5525525900014893e-05,415.66666666666663
4.750532042034664e-06,415.77777777777777
2.5791213100959443e-05,415.88888888888886
3.480419500331994e-05,416.0
2.1014286179435532e-05,416.1111111111111
2.9510889615839843e-05,416.2222222222222
1.656618317937371e-05,416.3333333333333
2.5394231620780296e-05,416.4444444444444
1.4734553491329107e-05,416.55555555555554
8.491458932163763e-06,416.66666666666663
2.8574430442103566e-05,416.77777777777777
8.589184062144319e-06,416.88888888888886
2.23484392472999e-05,417.0
3.498627174098798e-05,417.1111111111111
2.6998528664965047e-05,417.2222222222222
3.438434757839606e-05,417.3333333333333
1.528397758433857e-05,417.4444444444444
1.582708741864658e-05,417.55555555555554
1.2235262162497805e-05,417.66666666666663
1.141607970359128e-05,417.77777777777777
1.846305538471687e-05,417.88888888888886
2.0540686368279774e-05,418.0
1.8767150319811996e-05,418.1111111111111
2.876052197093274e-05,418.2222222222222
1.4946856742236253e-05,418.3333333333333
9.921325314314734e-06,418.4444444444444
3.510751864169952e-05,418.55555555555554
3.814144562015133e-05,418.66666666666663
2.6983074059664724e-05,418.77777777777777
1.9627073946222105e-05,418.88888888888886
6.937263947339826e-06,419.0
5.074284682219505e-06,419.1111111111111
1.4866307092354763e-05,419.2222222222222
1.9563118536339224e-05,419.3333333333333
8.90339260540124e-06,419.4444444444444
1.577442118150957e-05,419.55555555555554
2.5120107733191708e-06,419.66666666666663
1.6905644590743376e-05,419.77777777777777
8.201035790030272e-06,419.88888888888886
2.6742123935103532e-05,420.0
1.8082571684375424e-05,420.1111111111111
1.6929905918355963e-05,420.2222222222222
1.1585256354706736e-05,420.3333333333333
1.4131976283800873e-05,420.4444444444444
3.7058591626530127e-06,420.55555555555554
3.1160882763485804e-05,420.66666666666663
3.246209060357351e-05,420.77777777777777
1.3204372064621928e-05,420.88888888888886
3.313792899609331e-05,421.0
9.204394228407421e-06,421.1111111111111
2.0066617108939288e-05,421.2222222222222
2.5119791487482086e-05,421.3333333333333
2.226957596324567e-05,421.4444444444444
7.331136860139837e-06,421.55555555555554
1.5010646559671318e-05,421.66666666666663
2.3405399551574952e-05,421.77777777777777
2.243963066498262e-05,421.88888888888886
7.064254142831791e-06,422.0
3.3396764989005e-05,422.1111111111111
1.6794146112667926e-05,422.2222222222222
3.385172551430543e-05,422.3333333333333
4.887548877095726e-05,422.4444444444444
2.178351324081094e-05,422.55555555555554
3.1930781150802145e-05,422.66666666666663
7.179552170952946e-06,422.77777777777777
1.3601010980181598e-05,422.88888888888886
1.179163816629782e-05,423.0
4.465166399546007e-05,423.1111111111111
2.361677911069024e-05,423.2222222222222
2.369693598065499e-05,423.3333333333333
4.734217144559189e-05,423.4444444444444
2.839145079873138e-05,423.55555555555554
1.777991908640889e-05,423.66666666666663
1.848153730855849e-05,423.77777777777777
3.3880780798861354e-06,423.88888888888886
4.244128528327065e-05,424.0
4.451855031490609e-05,424.1111111111111
8.93232094970265e-06,424.2222222222222
3.179090595574325e-05,424.3333333333333
1.0521444991950582e-05,424.4444444444444
3.296037899823041e-05,424.55555555555554
3.028955153538322e-05,424.66666666666663
2.40572631467469e-05,424.77777777777777
1.0689440221578787e-05,424.88888888888886
7.231959456462294e-07,425.0
8.198581680899254e-06,425.1111111111111
3.715114468844025e-05,425.2222222222222
1.2114673745484107e-05,425.3333333333333
1.7241360586079855e-05,425.4444444444444
1.0341865190334349e-05,425.55555555555554
7.63134685622207e-06,425.66666666666663
2.326168043800312e-05,425.77777777777777
2.077063526455337e-05,425.88888888888886
2.6140658755216928e-05,426.0
1.0640286467135057e-05,426.1111111111111
7.662312028914873e-06,426.2222222222222
3.575390523616799e-05,426.3333333333333
2.524653543727951e-06,426.4444444444444
1.0943375527425177e-05,426.55555555555554
2.5153120070554967e-05,426.66666666666663
3.011681737582354e-05,426.77777777777777
2.6398642086459445e-05,426.88888888888886
3.9611067626556635e-05,427.0
1.26152443743959e-05,427.1111111111111
1.8249388579496645e-05,427.2222222222222
1.0759868615798292e-05,427.3333333333333
2.4422430832941305e-05,427.4444444444444
2.3780796721322274e-05,427.55555555555554
3.7775925116519127e-05,427.66666666666663
6.952002787795797e-06,427.77777777777777
2.904528598208497e-05,427.88888888888886
4.049512138707699e-05,428.0
5.008873863518806e-05,428.1111111111111
1.7189201556997374e-05,428.2222222222222
2.742880115130231e-05,428.3333333333333
9.501237689658086e-06,428.4444444444444
2.9049972730361834e-05,428.55555555555554
1.3656632875010373e-05,428.66666666666663
4.447053360540082e-05,428.77777777777777
1.2124831328201812e-05,428.88888888888886
4.544415525246597e-05,429.0
4.714468050263182e-06,429.1111111111111
1.2591749652171424e-05,429.2222222222222
2.233873269826421e-05,429.3333333333333
8.583251565157393e-06,429.4444444444444
7.483751373739817e-06,429.55555555555554
2.5051713037908043e-05,429.66666666666663
1.3046886512475001e-05,429.77777777777777
1.974268588912874e-05,429.88888888888886
2.6998471037946662e-05,430.0
7.411901821131168e-06,430.1111111111111
9.814337744396288e-06,430.2222222222222
9.026819198923638e-06,430.3333333333333
2.2633062765711382e-05,430.4444444444444
1.8225317451458704e-05,430.55555555555554
1.2656808174451378e-05,430.66666666666663
2.281192250630433e-05,430.77777777777777
4.297959163496593e-05,430.88888888888886
2.1938047198655326e-05,431.0
1.746192728905978e-05,431.1111111111111
3.0394609903197808e-05,431.2222222222222
1.7530131227522118e-05,431.3333333333333
1.5013921814503465e-05,431.4444444444444
7.758193778842416e-06,431.55555555555554
1.3058288830527843e-05,431.66666666666663
1.5532987627727918e-05,431.77777777777777
1.5327917179407734e-05,431.88888888888886
2.1228910925589968e-05,432.0
2.6481397887289278e-05,432.1111111111111
8.746051528812095e-06,432.2222222222222
4.046724795791287e-05,432.3333333333333
1.3278177311803968e-05,432.4444444444444
1.2024191361879971e-05,432.55555555555554
1.3917838380437353e-05,432.66666666666663
1.2069187330589208e-05,432.77777777777777
9.01606587923568e-06,432.88888888888886
2.671504625915861e-05,433.0
2.6837268694280496e-05,433.1111111111111
2.4369467036439494e-05,433.2222222222222
4.620182620217935e-06,433.3333333333333
2.120252898674402e-05,433.4444444444444
5.64760830438876e-06,433.55555555555554
2.5100515132954617e-06,433.66666666666663
1.8134710495083553e-05,433.77777777777777
1.0244593191386516e-05,433.88888888888886
1.0349576924613206e-05,434.0
2.5384549393132695e-05,434.1111111111111
1.725929577137477e-05,434.2222222222222
8.025360558441004e-06,434.3333333333333
2.720817959876803e-05,434.4444444444444
2.2458750734085616e-05,434.55555555555554
1.6983826506572858e-05,434.66666666666663
1.1111078970042012e-05,434.77777777777777
2.377150673873011e-05,434.88888888888886
2.583102583892929e-05,435.0
1.9654904288338355e-05,435.1111111111111
8.884668971823674e-06,435.2222222222222
3.488710471503163e-05,435.3333333333333
3.082320329206135e-05,435.4444444444444
1.9879984339753594e-05,435.55555555555554
1.785727546758656e-05,435.66666666666663
8.533507868280289e-06,435.77777777777777
1.7491282607732235e-05,435.88888888888886
2.9657436106352017e-05,436.0
4.9655369938202194e-05,436.1111111111111
1.0338579912489218e-05,436.2222222222222
7.823800366142647e-06,436.3333333333333
6.628561326853704e-06,436.4444444444444
3.573143473982484e-05,436.55555555555554
2.6515604022723165e-05,436.66666666666663
1.015070200482334e-05,436.77777777777777
2.6947347618532637e-05,436.88888888888886
2.6921842502563986e-05,437.0
2.6870765864359196e-06,437.1111111111111
2.941127556186971e-05,437.2222222222222
2.855831748854497e-05,437.3333333333333
2.460058556553261e-05,437.4444444444444
2.8288911380064252e-05,437.55555555555554
1.807352676479895e-05,437.66666666666663
3.089657613303594e-05,437.77777777777777
2.5644224202110613e-05,437.88888888888886
4.510424122012889e-05,438.0
2.1792953799260293e-05,438.1111111111111
1.2468772635055827e-05,438.2222222222222
1.1718396128539112e-05,438.3333333333333
4.715008292416147e-05,438.4444444444444
4.024337998185803e-05,438.55555555555554
2.1153787839463866e-05,438.66666666666663
1.3302277650447288e-05,438.77777777777777
1.1386190202318526e-05,438.88888888888886
1.6486431060301837e-05,439.0
4.641439346165801e-05,439.1111111111111
3.2027211817896917e-06,439.2222222222222
1.2535484351371528e-05,439.3333333333333
1.770452185307371e-05,439.4444444444444
4.454373545656094e-05,439.55555555555554
2.9712393139783826e-05,439.66666666666663
5.8273919139713605e-06,439.77777777777777
6.084351408387666e-06,439.88888888888886
3.35529626862645e-05,440.0
3.682871369175654e-06,440.1111111111111
1.7179428909872685e-05,440.2222222222222
1.0679124331323373e-05,440.3333333333333
5.278086442080811e-06,440.4444444444444
3.4183278804174e-05,440.55555555555554
2.741934769655736e-05,440.66666666666663
1.6098115861667453e-05,440.77777777777777
2.521065130457861e-05,440.88888888888886
3.7241829869120584e-05,441.0
2.600121726469786e-05,441.1111111111111
2.5613236380378948e-05,441.2222222222222
1.5117521728494664e-05,441.3333333333333
1.8062542334318277e-05,441.4444444444444
1.765132179446658e-05,441.55555555555554
6.4266819924165705e-06,441.66666666666663
3.396905246002797e-05,441.77777777777777
1.992525955048751e-05,441.88888888888886
1.0651824436411132e-05,442.0
2.042077537415288e-05,442.1111111111111
2.7659878539100417e-05,442.2222222222222
7.1076129021794625e-06,442.3333333333333
3.686787699900889e-05,442.4444444444444
2.2116538561812086e-05,442.55555555555554
6.628026031480443e-06,442.66666666666663
7.619129496692073e-06,442.77777777777777
3.593018060678093e-05,442.88888888888886
4.8419660327595756e-05,443.0
6.605024563086851e-06,443.1111111111111
1.5197096753326575e-05,443.2222222222222
1.4679063250484663e-05,443.3333333333333
3.4726882685324293e-05,443.4444444444444
1.2344274439098771e-05,443.55555555555554
3.294818748061883e-05,443.66666666666663
2.203056342875187e-05,443.77777777777777
1.8488992727792155e-05,443.88888888888886
9.811871172607307e-06,444.0
3.4681479694776186e-05,444.1111111111111
2.751749887140465e-05,444.2222222222222
8.968641415583073e-06,444.3333333333333
7.144894736375697e-06,444.4444444444444
2.008263211762265e-05,444.55555555555554
4.5159927137395034e-05,444.66666666666663
1.551978983457426e-05,444.77777777777777
1.741712678010976e-05,444.88888888888886
4.5688284422916765e-05,445.0
3.214455827093397e-05,445.1111111111111
3.270845439560122e-05,445.2222222222222
2.024285378646276e-05,445.3333333333333
1.539836806423095e-06,445.4444444444444
1.6823472020109283e-05,445.55555555555554
1.2061187713650654e-05,445.66666666666663
1.304479129340197e-05,445.77777777777777
1.2120907004511765e-05,445.88888888888886
3.176057196778349e-05,446.0
3.2989866642669736e-05,446.1111111111111
1.358751427602456e-05,446.2222222222222
2.5520219942425366e-05,446.3333333333333
1.5216960945757323e-05,446.4444444444444
2.230806440469358e-06,446.55555555555554
3.753535479413207e-06,446.66666666666663
6.105925503909123e-06,446.77777777777777
1.4999409031078283e-05,446.88888888888886
2.4652018455390686e-05,447.0
1.840263819742165e-05,447.1111111111111
1.5415962297838108e-05,447.2222222222222
7.949696716384314e-06,447.3333333333333
9.437163286264375e-06,447.4444444444444
6.907545309055149e-06,447.55555555555554
2.7594705705037227e-05,447.66666666666663
4.116917244863096e-05,447.77777777777777
2.6869258264528232e-05,447.88888888888886
7.313368051571567e-06,448.0
2.547215905131966e-05,448.1111111111111
1.6044079409916147e-05,448.2222222222222
6.5380612766103455e-06,448.3333333333333
9.039558828741715e-06,448.4444444444444
3.2119641081082116e-05,448.55555555555554
1.97616452656407e-05,448.66666666666663
3.5926538025157346e-05,448.77777777777777
1.1239429241916896e-05,448.88888888888886
1.5509233313009578e-05,449.0
1.6550036543033938e-05,449.1111111111111
9.373321976693618e-06,449.2222222222222
1.7700208318769895e-05,449.3333333333333
1.1500096449655611e-05,449.4444444444444
1.3163578544207114e-05,449.55555555555554
8.24811443268146e-06,449.66666666666663
2.389655794388395e-05,449.77777777777777
7.3223286159550766e-06,449.88888888888886
5.5675244337266396e-06,450.0
4.167852925825951e-06,450.1111111111111
1.4035004993327558e-05,450.2222222222222
1.0772165112948065e-05,450.3333333333333
5.635460346329805e-06,450.4444444444444
2.1869600971048642e-05,450.55555555555554
1.0489402225872921e-05,450.66666666666663
8.151564787139913e-06,450.77777777777777
2.5076124003282013e-05,450.88888888888886
2.518171510365311e-05,451.0
2.3394997505708347e-05,451.1111111111111
3.5923685891607746e-05,451.2222222222222
3.6213557257595056e-05,451.3333333333333
2.288283497577674e-05,451.4444444444444
2.8115435490239018e-05,451.55555555555554
2.3649297786088157e-05,451.66666666666663
5.263210847175316e-06,451.77777777777777
1.8525393303964825e-05,451.88888888888886
1.5326947146292557e-05,452.0
4.3783629039800396e-05,452.1111111111111
6.265167800134339e-06,452.2222222222222
1.4405707843749122e-05,452.3333333333333
1.608887527493598e-05,452.4444444444444
2.6050778432342985e-05,452.55555555555554
2.9959661592015813e-05,452.66666666666663
1.834775232033101e-05,452.77777777777777
1.5043861159867091e-05,452.88888888888886
1.4810822468394296e-05,453.0
1.148388074356133e-05,453.1111111111111
8.066328178107028e-06,453.2222222222222
3.46712559393565e-05,453.3333333333333
8.02891635066874e-06,453.4444444444444
1.691834684709773e-05,453.55555555555554
1.9141955952135056e-05,453.66666666666663
2.1992511021201892e-05,453.77777777777777
8.617543334041032e-06,453.88888888888886
8.284311432062604e-06,454.0
1.575889079182216e-05,454.1111111111111
1.542928167620649e-05,454.2222222222222
5.3937629642239155e-06,454.3333333333333
2.0858814507148278e-05,454.4444444444444
1.0297044522972125e-05,454.55555555555554
1.808894732770898e-05,454.66666666666663
1.589234347358476e-05,454.77777777777777
3.4871356312051186e-05,454.88888888888886
2.7601325737470738e-05,455.0
1.1405015180231553e-05,455.1111111111111
1.2706694812950417e-05,455.2222222222222
9.061194999556885e-06,455.3333333333333
2.7264066636725348e-05,455.4444444444444
2.465318296620883e-05,455.55555555555554
3.207143474756514e-05,455.66666666666663
2.7167268879459014e-05,455.77777777777777
2.79181591813781e-05,455.88888888888886
4.0382270477089904e-05,456.0
1.1493799238218442e-05,456.1111111111111
2.63221946588232e-05,456.2222222222222
1.0631347183575104e-05,456.3333333333333
1.9654934861861272e-05,456.4444444444444
2.6513700083024218e-05,456.55555555555554
9.94402898008075e-06,456.66666666666663
2.4600999332924265e-05,456.77777777777777
3.6139858502818884e-05,456.88888888888886
2.5708999927839827e-05,457.0
2.1806104441552457e-05,457.1111111111111
1.7330588401043724e-05,457.2222222222222
2.3937114757245706e-05,457.3333333333333
3.0080095098066134e-05,457.4444444444444
7.119124525905918e-06,457.55555555555554
1.945276782719644e-05,457.66666666666663
3.51930115415949e-05,457.77777777777777
1.9714356528567866e-05,457.88888888888886
1.8138679064910742e-05,458.0
1.0203297914754835e-05,458.1111111111111
5.1262537052230796e-05,458.2222222222222
5.909289638515004e-06,458.3333333333333
1.0774921213363125e-05,458.4444444444444
1.2160704805955217e-05,458.55555555555554
9.915891503097455e-06,458.66666666666663
3.0508975603130613e-05,458.77777777777777
3.7176555206336205e-05,458.88888888888886
2.8685294668643992e-05,459.0
2.3409555236240085e-05,459.1111111111111
1.47377222865703e-05,459.2222222222222
2.3538615999645336e-05,459.3333333333333
4.057836323075626e-05,459.4444444444444
8.25359088719299e-06,459.55555555555554
4.3241286601824455e-05,459.66666666666663
3.3241462239191126e-05,459.77777777777777
2.9133003618826105e-05,459.88888888888886
3.2111534263365514e-05,460.0
3.184080872229066e-05,460.1111111111111
3.126798947968717e-05,460.2222222222222
1.1051192111284872e-05,460.3333333333333
1.1892752206241448e-05,460.4444444444444
7.583369115725069e-06,460.55555555555554
2.715548423677157e-05,460.66666666666663
1.2752801328106957e-05,460.77777777777777
1.0191705305289493e-05,460.88888888888886
1.4734222783955692e-05,461.0
9.598661472029261e-06,461.1111111111111
3.0032558934809416e-05,461.2222222222222
7.932623323483618e-06,461.3333333333333
1.1792321281817792e-05,461.4444444444444
1.2635521828294233e-05,461.55555555555554
4.857299615588441e-05,461.66666666666663
5.505966200047034e-06,461.77777777777777
3.194759162562608e-05,461.88888888888886
1.851813566442077e-05,462.0
3.276002036617106e-05,462.1111111111111
4.200826255959442e-05,462.2222222222222
3.811400874047736e-05,462.3333333333333
5.1143634277859705e-06,462.4444444444444
1.703762269281083e-05,462.55555555555554
1.44899157104885e-05,462.66666666666663
5.345482500433688e-06,462.77777777777777
1.2315220399327993e-05,462.88888888888886
1.148378780395132e-05,463.0
1.6682014857413863e-05,463.1111111111111
3.561722180350219e-05,463.2222222222222
4.091199462198194e-06,463.3333333333333
2.0986234774749455e-05,463.4444444444444
1.9371661886134126e-05,463.55555555555554
1.960688828091163e-05,463.66666666666663
1.8015969700146254e-05,463.77777777777777
2.357693136667144e-05,463.88888888888886
2.773286049505127e-05,464.0
5.502091686810958e-05,464.1111111111111
1.9574889706356876e-05,464.2222222222222
1.5357883480164554e-05,464.3333333333333
2.287756133365874e-05,464.4444444444444
1.578223576262276e-05,464.55555555555554
2.140892234491371e-05,464.66666666666663
4.401017233893149e-05,464.77777777777777
2.2505718023264542e-05,464.88888888888886
3.618082470076741e-05,465.0
2.805932316361002e-05,465.1111111111111
4.1405784233418156e-05,465.2222222222222
2.8691475800535256e-05,465.3333333333333
2.7819206404642404e-05,465.4444444444444
1.3826363893087762e-05,465.55555555555554
3.025869676938135e-05,465.66666666666663
2.8843685769904518e-05,465.77777777777777
2.603349097810274e-05,465.88888888888886
1.937084491560146e-05,466.0
1.917126191732831e-05,466.1111111111111
2.2847408987797042e-05,466.2222222222222
4.093555285354001e-06,466.3333333333333
2.782685800067415e-06,466.4444444444444
2.5049423295630884e-05,466.55555555555554
3.9436477679061446e-05,466.66666666666663
2.7534913009144268e-05,466.77777777777777
6.230306136060581e-06,466.88888888888886
2.1573474280853745e-05,467.0
2.9157973683539987e-05,467.1111111111111
2.25723850192205e-05,467.2222222222222
1.9554229604792277e-05,467.3333333333333
6.165101263503879e-06,467.4444444444444
3.692423891433166e-06,467.55555555555554
2.782278403693788e-05,467.66666666666663
1.08186413676282e-05,467.77777777777777
1.4945251242102521e-05,467.88888888888886
8.059849908682518e-06,468.0
4.333492364791806e-05,468.1111111111111
1.4640069430881512e-05,468.2222222222222
5.731951046055756e-06,468.3333333333333
2.5204817812407263e-05,468.4444444444444
1.8555555473700193e-05,468.55555555555554
2.312012177483205e-05,468.66666666666663
3.3981831036775384e-05,468.77777777777777
2.9811942561999618e-05,468.88888888888886
1.0059834922754262e-05,469.0
2.3739451386951767e-05,469.1111111111111
1.1647592566806413e-05,469.2222222222222
1.4588728447855035e-05,469.3333333333333
1.2137496742879502e-05,469.4444444444444
1.2854589574224267e-05,469.55555555555554
2.1266505922996438e-05,469.66666666666663
2.7576349094511387e-05,469.77777777777777
1.2320311466452033e-05,469.88888888888886
1.952324071726347e-05,470.0
1.0997993806463403e-05,470.1111111111111
3.3380012331886565e-05,470.2222222222222
2.4026798693337494e-05,470.3333333333333
1.4594018763698331e-05,470.4444444444444
4.447852468804292e-05,470.55555555555554
4.273968109885745e-06,470.66666666666663
2.0653569690201263e-05,470.77777777777777
7.93201285537107e-06,470.88888888888886
9.094586349115916e-06,471.0
1.9955473385353694e-05,471.1111111111111
5.3466565128232345e-06,471.2222222222222
1.539836620776042e-05,471.3333333333333
9.572350393239704e-06,471.4444444444444
8.527430772724103e-06,471.55555555555554
2.560084291480389e-05,471.66666666666663
2.501633452984744e-05,471.77777777777777
2.603172257019869e-05,471.88888888888886
1.6003204641757813e-05,472.0
8.470856575843532e-06,472.1111111111111
4.443734527963574e-05,472.2222222222222
2.0431589823203975e-05,472.3333333333333
2.0308878037890495e-05,472.4444444444444
6.275861172261883e-06,472.55555555555554
3.3532335533406754e-05,472.66666666666663
2.7202530423746576e-05,472.77777777777777
2.008546148271154e-05,472.88888888888886
3.532403687113678e-05,473.0
2.79473199075838e-05,473.1111111111111
1.550548325872308e-05,473.2222222222222
1.7607939078067586e-05,473.3333333333333
2.7310071267561803e-05,473.4444444444444
2.7351803710997477e-05,473.55555555555554
3.288562078241638e-05,473.66666666666663
2.0185631965402322e-05,473.77777777777777
4.6043995359640596e-05,473.88888888888886
9.670063615749964e-06,474.0
4.0917750873115365e-06,474.1111111111111
1.659797508499326e-05,474.2222222222222
2.6467513400035842e-05,474.3333333333333
3.2830197587460802e-06,474.4444444444444
3.68726320609253e-05,474.55555555555554
1.3043069037270098e-05,474.66666666666663
1.736358427164721e-05,474.77777777777777
3.418782034487616e-05,474.88888888888886
1.3957204450562129e-05,475.0
1.8079101290616764e-05,475.1111111111111
6.897827260067929e-06,475.2222222222222
1.535043490686749e-05,475.3333333333333
1.173783541897048e-06,475.4444444444444
1.472349202956863e-05,475.55555555555554
3.996189087951865e-05,475.66666666666663
1.5015845793026917e-05,475.77777777777777
8.076085809730508e-06,475.88888888888886
3.108891959086185e-05,476.0
5.329917101308247e-06,476.1111111111111
1.308883316185283e-05,476.2222222222222
2.2330359626195134e-05,476.3333333333333
5.3386153271242446e-05,476.4444444444444
1.2733648636236451e-05,476.55555555555554
7.730243818086852e-06,476.66666666666663
1.1787615318166752e-05,476.77777777777777
1.5730483589600385e-05,476.88888888888886
1.0466328798084106e-05,477.0
5.20290682152585e-06,477.1111111111111
2.0096124280661617e-05,477.2222222222222
1.9186887237837943e-05,477.3333333333333
2.6286232969980552e-05,477.4444444444444
3.476688964581827e-05,477.55555555555554
1.5292053997632695e-05,477.66666666666663
1.1415900822720888e-05,477.77777777777777
2.2451674757875966e-05,477.88888888888886
1.891778243787884e-05,478.0
2.3078005243922323e-05,478.1111111111111
1.1184193354538555e-05,478.2222222222222
2.0097630132695932e-05,478.3333333333333
2.5717043005484015e-05,478.4444444444444
8.740449762693588e-06,478.55555555555554
1.232288311264331e-05,478.66666666666663
7.197440947906643e-06,478.77777777777777
3.0481962397895475e-05,478.88888888888886
2.943723346232118e-05,479.0
2.585226831157739e-05,479.1111111111111
2.897193243485955e-05,479.2222222222222
3.39856585870664e-05,479.3333333333333
5.82046908354033e-06,479.4444444444444
1.6530293174834723e-05,479.55555555555554
2.5935062859119285e-05,479.66666666666663
4.256536110141439e-05,479.77777777777777
1.8778366369423093e-05,479.88888888888886
2.6824753084611127e-05,480.0
1.1347116761171746e-05,480.1111111111111
4.340804753650807e-05,480.2222222222222
2.4167989255521925e-05,480.3333333333333
1.4115208123149006e-05,480.4444444444444
3.0351842103912126e-05,480.55555555555554
1.3907531725562637e-05,480.66666666666663
2.5329786779417517e-05,480.77777777777777
3.324374649920433e-05,480.88888888888886
1.764456422409521e-05,481.0
1.968813935815075e-05,481.1111111111111
4.156419251868573e-05,481.2222222222222
2.1622384387364204e-05,481.3333333333333
2.9139042112129505e-05,481.4444444444444
2.3462110285400973e-05,481.55555555555554
2.9216964207743534e-05,481.66666666666663
1.166558123187478e-05,481.77777777777777
1.0124461663472045e-05,481.88888888888886
1.7941102477412603e-05,482.0
1.01528606033047e-05,482.1111111111111
3.5524435400391496e-05,482.2222222222222
1.579823065876495e-05,482.3333333333333
5.7315723895912e-06,482.4444444444444
3.512454442744414e-05,482.55555555555554
2.7320964519246883e-05,482.66666666666663
4.872704718499402e-05,482.77777777777777
7.819042065157844e-06,482.88888888888886
1.4364086131178453e-05,483.0
3.585968357231183e-05,483.1111111111111
2.4864715772129102e-05,483.2222222222222
9.439891331692293e-06,483.3333333333333
1.5365430764891923e-05,483.4444444444444
2.6345422525864048e-05,483.55555555555554
2.001843901720334e-05,483.66666666666663
1.0101221624421728e-05,483.77777777777777
1.2114586458643495e-05,483.88888888888886
2.027726257762291e-06,484.0
1.860540117894674e-05,484.1111111111111
2.871558900953749e-05,484.2222222222222
3.9343004172614334e-05,484.3333333333333
2.524592540161031e-05,484.4444444444444
1.0099800638921534e-05,484.55555555555554
1.3696379766133419e-05,484.66666666666663
2.1909281243312947e-05,484.77777777777777
2.618696222487026e-05,484.88888888888886
9.4633091494274e-06,485.0
1.2912076524957667e-05,485.1111111111111
3.086655168162359e-05,485.2222222222222
3.028883657400846e-06,485.3333333333333
1.5238437591760837e-05,485.4444444444444
2.0289429420474638e-05,485.55555555555554
1.3925063069581788e-05,485.66666666666663
2.0497840504158616e-05,485.77777777777777
1.826884475457332e-05,485.88888888888886
2.5337122555498087e-06,486.0
1.5985650155117528e-05,486.1111111111111
1.2653244976504367e-05,486.2222222222222
2.7208710242625578e-05,486.3333333333333
1.0722915484318357e-05,486.4444444444444
2.99421189299611e-05,486.55555555555554
1.9228575895821702e-05,486.66666666666663
2.5700740113274945e-05,486.77777777777777
1.9446175892244915e-05,486.88888888888886
1.326487213220887e-05,487.0
4.3697512343714e-05,487.1111111111111
3.5455763889113326e-05,487.2222222222222
2.152963070886422e-05,487.3333333333333
3.6649794931368595e-05,487.4444444444444
1.8116815010780693e-05,487.55555555555554
6.944110336723309e-06,487.66666666666663
1.523412542011205e-05,487.77777777777777
2.4291889770705267e-05,487.88888888888886
1.885325566029386e-05,488.0
9.722717462496033e-06,488.1111111111111
7.89217952377956e-06,488.2222222222222
2.116952146179252e-05,488.3333333333333
1.1569564044363168e-05,488.4444444444444
2.4582475828917778e-05,488.55555555555554
1.4512609140145533e-05,488.66666666666663
2.186296324321898e-05,488.77777777777777
2.7303041813161307e-06,488.88888888888886
5.8962381212597665e-05,489.0
3.14184572561509e-05,489.1111111111111
8.182789636972597e-06,489.2222222222222
4.2870215846199876e-05,489.3333333333333
4.0583689581551455e-05,489.4444444444444
2.0742750562809565e-05,489.55555555555554
2.002104433058378e-05,489.66666666666663
3.178276721784912e-05,489.77777777777777
4.4730941554052566e-05,489.88888888888886
3.999530409366762e-05,490.0
2.6499990619618055e-05,490.1111111111111
6.741206116641097e-06,490.2222222222222
1.4555220104352901e-05,490.3333333333333
2.570062188880152e-05,490.4444444444444
2.27431616102963e-05,490.55555555555554
3.006168060721308e-05,490.66666666666663
3.6329715920454836e-06,490.77777777777777
2.24497319650399e-05,490.88888888888886
3.147429601849231e-05,491.0
2.156418039437284e-05,491.1111111111111
2.4559621839800578e-06,491.2222222222222
4.393518682961952e-05,491.3333333333333
1.3300226812407167e-05,491.4444444444444
8.934095804766163e-06,491.55555555555554
1.2339095532854968e-05,491.66666666666663
8.420749459315115e-06,491.77777777777777
3.6058746881079985e-05,491.88888888888886
1.0097476474588441e-05,492.0
3.2048327592889e-05,492.1111111111111
2.118532522957169e-05,492.2222222222222
2.428864875396075e-05,492.3333333333333
6.941522404766756e-06,492.4444444444444
1.5448155328776034e-05,492.55555555555554
1.2355320636609477e-05,492.66666666666663
2.3864167289947564e-05,492.77777777777777
1.4138947846850967e-05,492.88888888888886
3.4082989325739758e-06,493.0
2.972890035260848e-05,493.1111111111111
1.0559484449480833e-05,493.2222222222222
2.7015461025558158e-05,493.3333333333333
3.2640186784772e-05,493.4444444444444
1.1089701660352635e-05,493.55555555555554
1.784251964550577e-05,493.66666666666663
2.760425461224121e-05,493.77777777777777
2.0486045523132515e-05,493.88888888888886
3.0238792595340374e-05,494.0
1.3790688494775296e-05,494.1111111111111
1.1877152284142433e-05,494.2222222222222
2.1900087785867094e-05,494.3333333333333
1.679962891598924e-05,494.4444444444444
3.1218004774839715e-05,494.55555555555554
3.081900829316539e-05,494.66666666666663
2.711919953490053e-05,494.77777777777777
2.0637329355397243e-05,494.88888888888886
1.9037918463189226e-05,495.0
4.9157065905591406e-05,495.1111111111111
3.02963199374304e-05,495.2222222222222
1.9900243908809083e-05,495.3333333333333
1.7979540122045175e-05,495.4444444444444
2.026965039726914e-05,495.55555555555554
3.6151374100523956e-05,495.66666666666663
1.4166343597978214e-05,495.77777777777777
1.2914148102610047e-05,495.88888888888886
1.0754854194740578e-05,496.0
9.601159303599429e-06,496.1111111111111
3.371917444971082e-05,496.2222222222222
1.0465713916656143e-05,496.3333333333333
1.489486445108258e-05,496.4444444444444
1.094340825600188e-05,496.55555555555554
1.334565973969605e-05,496.66666666666663
4.026259230269543e-05,496.77777777777777
1.1165383445155558e-05,496.88888888888886
2.1647951529126374e-05,497.0
8.48146862146973e-06,497.1111111111111
1.1686442157175437e-05,497.2222222222222
1.7159288639370542e-05,497.3333333333333
2.733121347089195e-05,497.4444444444444
2.0754844865558087e-05,497.55555555555554
1.0393429260182288e-05,497.66666666666663
2.7522628365844148e-05,497.77777777777777
1.5560701248368964e-05,497.88888888888886
1.7824289359977728e-05,498.0
2.4213953953109885e-05,498.1111111111111
5.953092534504098e-06,498.2222222222222
1.6894949378322394e-05,498.3333333333333
1.21950171908381e-05,498.4444444444444
1.3531486383989377e-05,498.55555555555554
1.559641109771007e-05,498.66666666666663
3.0231898604564398e-05,498.77777777777777
2.530596209778149e-05,498.88888888888886
8.475614087354959e-06,499.0
1.6821368328875098e-05,499.1111111111111
3.387021792450513e-05,499.2222222222222
8.978820101827723e-06,499.3333333333333
1.1469971605412507e-05,499.4444444444444
3.1233087594213245e-05,499.55555555555554
2.8631678929117076e-05,499.66666666666663
2.5748481493155926e-06,499.77777777777777
1.3258706989587444e-05,499.88888888888886
9.111111111111105e-06,500.0
